SDD21_Lower	SDD11_Upper	ILD_Upper	ILD_Lower	NEXT_Upper	FEXT_Upper	SDD21_offset
NaN	NaN	NaN	NaN	NaN	NaN	.029739
NaN	NaN	NaN	NaN	NaN	NaN	.03929
NaN	NaN	NaN	NaN	NaN	NaN	.045344
NaN	NaN	NaN	NaN	NaN	NaN	.051005
-4.84	-11.5527864045	.708	-.708	-1	-1	.057188
-4.84	-11.5101020514434	.71	-.71	-1	-1	.05949
-4.84	-11.4708497377871	.712	-.712	-1	-1	.065105
-4.84	-11.4343145750508	.714	-.714	-1	-1	.073165
-4.84	-11.4	.716	-.716	-1	-1	.078481
-4.84	-11.3675444679663	.718	-.718	-1	-1	.084058
-4.84	-11.3366750419289	.72	-.72	-1	-1	.087889
-4.84	-11.3071796769724	.722	-.722	-1	-1	.092084
-4.84	-11.2788897449072	.724	-.724	-1	-1	.096162
-4.84	-11.2516685226452	.726	-.726	-1	-1	.099621
-4.84	-11.2254033307585	.728	-.728	-1	-1	.104003
-4.84	-11.2	.73	-.73	-1	-1	.106361
-4.84	-11.1753788748765	.732	-.732	-1	-1	.109963
-4.84	-11.1514718625761	.734	-.734	-1	-1	.114431
-4.84	-11.1282202112919	.736	-.736	-1	-1	.116969
-4.84	-11.1055728090001	.738	-.738	-1	-1	.121335
-4.84	-11.0834848610088	.74	-.74	-1	-1	.125414
-4.84	-11.0619168480353	.742	-.742	-1	-1	.129546
-4.84	-11.0408336953375	.744	-.744	-1	-1	.132289
-4.84	-11.0202041028867	.746	-.746	-1	-1	.134973
-4.84	-11	.748	-.748	-1	-1	.140069
-4.84	-10.9801960972814	.75	-.75	-1	-1	.147409
-4.84	-10.9607695154587	.752	-.752	-1	-1	.148098
-4.84	-10.9416994755742	.754	-.754	-1	-1	.152244
-4.84	-10.9229670385731	.756	-.756	-1	-1	.155046
-4.84	-10.9045548849897	.758	-.758	-1	-1	.158206
-4.84	-10.886447127434	.76	-.76	-1	-1	.161041
-4.84	-10.8686291501015	.762	-.762	-1	-1	.163564
-4.84	-10.8510874706924	.764	-.764	-1	-1	.167252
-4.84	-10.8338096210309	.766	-.766	-1	-1	.170937
-4.84	-10.8167840433801	.768	-.768	-1	-1	.175324
-4.84	-10.8	.77	-.77	-1	-1	.177594
-4.84	-10.7834474939404	.772	-.772	-1	-1	.179899
-4.84	-10.7671171994062	.774	-.774	-1	-1	.182604
-4.84	-10.7510004003203	.776	-.776	-1	-1	.185527
-4.84	-10.7350889359326	.778	-.778	-1	-1	.189275
-4.84	-10.7193751525134	.78	-.78	-1	-1	.191735
-4.84	-10.7038518603184	.782	-.782	-1	-1	.193216
-4.84	-10.6885122951396	.784	-.784	-1	-1	.195386
-4.84	-10.6733500838578	.786	-.786	-1	-1	.198459
-4.84	-10.6583592135001	.788	-.788	-1	-1	.20137
-4.84	-10.6435340033749	.79	-.79	-1	-1	.205063
-4.84	-10.6288690799198	.792	-.792	-1	-1	.206808
-4.84	-10.6143593539449	.794	-.794	-1	-1	.210809
-4.84	-10.6	.796	-.796	-1	-1	.213659
-4.84	-10.5857864376269	.798	-.798	-1	-1	.216463
-4.84	-10.5717143142914	.8	-.8	-1	-1	.222742
-4.84	-10.5577794898144	.802	-.802	-1	-1	.225817
-4.84	-10.5439780221439	.804	-.804	-1	-1	.227993
-4.84	-10.5303061543301	.806	-.806	-1	-1	.229903
-4.84	-10.5167603025809	.808	-.808	-1	-1	.231558
-4.84	-10.5033370452904	.81	-.81	-1	-1	.234991
-4.84	-10.4900331129459	.812	-.812	-1	-1	.236398
-4.84	-10.4768453788272	.814	-.814	-1	-1	.239905
-4.84	-10.4637708504263	.816	-.816	-1	-1	.243536
-4.84	-10.450806661517	.818	-.818	-1	-1	.24579
-4.84	-10.4379500648187	.82	-.82	-1	-1	.248749
-4.84	-10.4251984251976	.822	-.822	-1	-1	.250401
-4.84	-10.4125492133612	.824	-.824	-1	-1	.251811
-4.84	-10.4	.826	-.826	-1	-1	.254686
-4.84	-10.3875484503403	.828	-.828	-1	-1	.259091
-4.84	-10.3751923190728	.83	-.83	-1	-1	.261443
-4.84	-10.3629294456255	.832	-.832	-1	-1	.263138
-4.84	-10.3507577497529	.834	-.834	-1	-1	.26515
-4.84	-10.3386752274164	.836	-.836	-1	-1	.267226
-4.84	-10.3266799469318	.838	-.838	-1	-1	.269316
-4.84	-10.3147700453647	.84	-.84	-1	-1	.271787
-4.84	-10.3029437251523	.842	-.842	-1	-1	.275507
-4.84	-10.2911992509365	.844	-.844	-1	-1	.276885
-4.84	-10.2795349465915	.846	-.846	-1	-1	.278501
-4.84	-10.2679491924311	.848	-.848	-1	-1	.279864
-4.84	-10.2564404225837	.85	-.85	-1	-1	.282567
-4.84	-10.2450071225216	.852	-.852	-1	-1	.284331
-4.84	-10.2336478267344	.854	-.854	-1	-1	.286868
-4.84	-10.2223611165369	.856	-.856	-1	-1	.289626
-4.84	-10.2111456180002	.858	-.858	-1	-1	.291916
-4.84	-10.2	.86	-.86	-1	-1	.294127
-4.84	-10.1889229723725	.862	-.862	-1	-1	.296475
-4.84	-10.1779132841711	.864	-.864	-1	-1	.298285
-4.84	-10.1669697220177	.866	-.866	-1	-1	.300659
-4.84	-10.1560911085414	.868	-.868	-1	-1	.304138
-4.84	-10.1452763009009	.87	-.87	-1	-1	.304672
-4.84	-10.1345241893822	.872	-.872	-1	-1	.307692
-4.84	-10.1238336960706	.874	-.874	-1	-1	.30926
-4.84	-10.1132037735887	.876	-.876	-1	-1	.310526
-4.84	-10.102633403899	.878	-.878	-1	-1	.313772
-4.84	-10.0921215971661	.88	-.88	-1	-1	.314086
-4.84	-10.0816673906749	.882	-.882	-1	-1	.315765
-4.84	-10.0712698478014	.884	-.884	-1	-1	.31781
-4.84	-10.0609280570335	.886	-.886	-1	-1	.318273
-4.84	-10.0506411310382	.888	-.888	-1	-1	.320075
-4.84	-10.0404082057735	.89	-.89	-1	-1	.321972
-4.84	-10.0302284396408	.892	-.892	-1	-1	.321225
-4.84	-10.0201010126777	.894	-.894	-1	-1	.324497
-4.84	-10.0100251257868	.896	-.896	-1	-1	.327081
-4.84	-10	.898	-.898	-1	-1	.328897
-4.84	-9.99002487577582	.9	-.9	-1	-1	.331683
-4.84	-9.98009901232759	.902	-.902	-1	-1	.335137
-4.84	-9.97022168698156	.904	-.904	-1	-1	.337052
-4.84	-9.96039219456289	.906	-.906	-1	-1	.338289
-4.84	-9.95060984680808	.908	-.908	-1	-1	.339868
-4.84	-9.9408739718026	.91	-.91	-1	-1	.34254
-4.84	-9.93118391344228	.912	-.912	-1	-1	.344892
-4.84	-9.92153903091735	.914	-.914	-1	-1	.347367
-4.84	-9.91193869821789	.916	-.916	-1	-1	.348051
-4.84	-9.9023823036597	.918	-.918	-1	-1	.351366
-4.84	-9.89286924942945	.92	-.92	-1	-1	.354081
-4.84	-9.88339895114833	.922	-.922	-1	-1	.354636
-4.84	-9.87397083745307	.924	-.924	-1	-1	.356202
-4.84	-9.86458434959374	.926	-.926	-1	-1	.357543
-4.84	-9.85523894104728	.928	-.928	-1	-1	.358481
-4.84	-9.8459340771462	.93	-.93	-1	-1	.360015
-4.84	-9.83666923472161	.932	-.932	-1	-1	.361544
-4.84	-9.82744390175996	.934	-.934	-1	-1	.365138
-4.84	-9.81825757707286	.936	-.936	-1	-1	.367768
-4.84	-9.80910976997934	.938	-.938	-1	-1	.369556
-4.84	-9.8	.94	-.94	-1	-1	.37149
-4.84	-9.79092779656255	.942	-.942	-1	-1	.374479
-4.84	-9.78189269871812	.944	-.944	-1	-1	.375012
-4.84	-9.77289425486799	.946	-.946	-1	-1	.375898
-4.84	-9.76393202250021	.948	-.948	-1	-1	.377225
-6.97	-9.75500556793564	.95	-.95	-1	-1	.378706
-6.97	-9.74611446608307	.952	-.952	-1	-1	.380277
-6.97	-9.73725830020305	.954	-.954	-1	-1	.381865
-6.97	-9.72843666167989	.956	-.956	-1	-1	.383938
-6.97	-9.71964914980172	.958	-.958	-1	-1	.385184
-6.97	-9.71089537154808	.96	-.96	-1	-1	.387213
-6.97	-9.70217494138479	.962	-.962	-1	-1	.389903
-6.97	-9.69348748106584	.964	-.964	-1	-1	.391686
-6.97	-9.68483261944196	.966	-.966	-1	-1	.393341
-6.97	-9.67620999227555	.968	-.968	-1	-1	.394846
-6.97	-9.66761924206188	.97	-.97	-1	-1	.397402
-6.97	-9.65906001785607	.972	-.972	-1	-1	.400611
-6.97	-9.65053197510585	.974	-.974	-1	-1	.401955
-6.97	-9.64203477548968	.976	-.976	-1	-1	.404111
-6.97	-9.63356808676015	.978	-.978	-1	-1	.40607
-6.97	-9.62513158259242	.98	-.98	-1	-1	.408234
-6.97	-9.6167249424374	.982	-.982	-1	-1	.410367
-6.97	-9.60834785137972	.984	-.984	-1	-1	.410439
-6.97	-9.6	.986	-.986	-1	-1	.413462
-6.97	-9.59168108424154	.988	-.988	-1	-1	.415297
-6.97	-9.58339080528109	.99	-.99	-1	-1	.41738
-6.97	-9.57512886940357	.992	-.992	-1	-1	.41907
-6.97	-9.56689498788071	.994	-.994	-1	-1	.421692
-6.97	-9.55868887685326	.996	-.996	-1	-1	.423666
-6.97	-9.55051025721682	.998	-.998	-1	-1	.42576
-6.97	-9.5423588545111	1	-1	-1	-1	.42795
-6.97	-9.53423439881241	1.002	-1.002	-1	-1	.429294
-6.97	-9.5261366246294	1.004	-1.004	-1	-1	.429751
-6.97	-9.51806527080183	1.006	-1.006	-1	-1	.433075
-6.97	-9.51002008040225	1.008	-1.008	-1	-1	.435922
-6.97	-9.50200080064064	1.01	-1.01	-1	-1	.437969
-6.97	-9.49400718277167	1.012	-1.012	-1	-1	.439978
-6.97	-9.48603898200469	1.014	-1.014	-1	-1	.441403
-6.97	-9.4780959574163	1.016	-1.016	-1	-1	.443617
-6.97	-9.4701778718653	1.018	-1.018	-1	-1	.445052
-6.97	-9.4622844919101	1.02	-1.02	-1	-1	.446475
-6.97	-9.45441558772843	1.022	-1.022	-1	-1	.450486
-6.97	-9.44657093303926	1.024	-1.024	-1	-1	.450855
-6.97	-9.43875030502686	1.026	-1.026	-1	-1	.45284
-6.97	-9.43095348426697	1.028	-1.028	-1	-1	.453147
-6.97	-9.42318025465497	1.03	-1.03	-1	-1	.454636
-6.97	-9.41543040333598	1.032	-1.032	-1	-1	.457612
-6.97	-9.40770372063686	1.034	-1.034	-1	-1	.457712
-6.97	-9.4	1.036	-1.036	-1	-1	.460824
-6.97	-9.39231903791894	1.038	-1.038	-1	-1	.461657
-6.97	-9.3846606338756	1.04	-1.04	-1	-1	.464406
-6.97	-9.3770245902792	1.042	-1.042	-1	-1	.464965
-6.97	-9.36941071240682	1.044	-1.044	-1	-1	.468124
-6.97	-9.36181880834542	1.046	-1.046	-1	-1	.469392
-6.97	-9.35424868893541	1.048	-1.048	-1	-1	.471651
-6.97	-9.34670016771568	1.05	-1.05	-1	-1	.472113
-6.97	-9.33917306086999	1.052	-1.052	-1	-1	.47367
-6.97	-9.33166718717473	1.054	-1.054	-1	-1	.474758
-6.97	-9.32418236794807	1.056	-1.056	-1	-1	.476852
-6.97	-9.31671842700025	1.058	-1.058	-1	-1	.479459
-6.97	-9.30927519058526	1.06	-1.06	-1	-1	.47989
-6.97	-9.30185248735359	1.062	-1.062	-1	-1	.4819
-6.97	-9.29445014830626	1.064	-1.064	-1	-1	.481961
-6.97	-9.28706800674989	1.066	-1.066	-1	-1	.48362
-6.97	-9.27970589825291	1.068	-1.068	-1	-1	.485633
-6.97	-9.27236366060283	1.07	-1.07	-1	-1	.487758
-6.97	-9.26504113376453	1.072	-1.072	-1	-1	.488467
-6.97	-9.25773815983958	1.074	-1.074	-1	-1	.48866
-6.97	-9.2504545830265	1.076	-1.076	-1	-1	.490622
-6.97	-9.24319024958196	1.078	-1.078	-1	-1	.492578
-6.97	-9.23594500778295	1.08	-1.08	-1	-1	.493074
-6.97	-9.2287187078898	1.082	-1.082	-1	-1	.494246
-6.97	-9.22151120211004	1.084	-1.084	-1	-1	.496451
-6.97	-9.21432234456318	1.086	-1.086	-1	-1	.497805
-6.97	-9.20715199124621	1.088	-1.088	-1	-1	.49945
-6.97	-9.2	1.09	-1.09	-1	-1	.500859
-6.97	-9.19286623047636	1.092	-1.092	-1	-1	.502626
-6.97	-9.18575054410594	1.094	-1.094	-1	-1	.503163
-6.97	-9.17865280406682	1.096	-1.096	-1	-1	.505428
-6.97	-9.17157287525381	1.098	-1.098	-1	-1	.506804
-6.97	-9.16451062424844	1.1	-1.1	-1	-1	.508511
-6.97	-9.15746591928962	1.102	-1.102	-1	-1	.509893
-6.97	-9.150438630245	1.104	-1.104	-1	-1	.511632
-6.97	-9.14342862858286	1.106	-1.106	-1	-1	.513024
-6.97	-9.13643578734473	1.108	-1.108	-1	-1	.513968
-6.97	-9.12945998111853	1.11	-1.11	-1	-1	.514841
-6.97	-9.12250108601237	1.112	-1.112	-1	-1	.51771
-6.97	-9.11555897962881	1.114	-1.114	-1	-1	.518974
-6.97	-9.10863354103981	1.116	-1.116	-1	-1	.518693
-6.97	-9.10172465076211	1.118	-1.118	-1	-1	.52033
-6.97	-9.09483219073321	1.12	-1.12	-1	-1	.522728
-6.97	-9.08795604428779	1.122	-1.122	-1	-1	.523742
-6.97	-9.08109609613471	1.124	-1.124	-1	-1	.523683
-6.97	-9.07425223233444	1.126	-1.126	-1	-1	.526792
-6.97	-9.06742434027696	1.128	-1.128	-1	-1	.528127
-6.97	-9.06061230866019	1.13	-1.13	-1	-1	.529973
-6.97	-9.05381602746875	1.132	-1.132	-1	-1	.532704
-6.97	-9.04703538795332	1.134	-1.134	-1	-1	.532125
-6.97	-9.04027028261025	1.136	-1.136	-1	-1	.533827
-6.97	-9.03352060516174	1.138	-1.138	-1	-1	.535178
-6.97	-9.0267862505363	1.14	-1.14	-1	-1	.537621
-6.97	-9.02006711484973	1.142	-1.142	-1	-1	.538674
-6.97	-9.01336309538639	1.144	-1.144	-1	-1	.539494
-6.97	-9.00667409058085	1.146	-1.146	-1	-1	.541201
-6.97	-9	1.148	-1.148	-1	-1	.543087
-6.97	-8.99334072432542	1.15	-1.15	-1	-1	.544079
-6.97	-8.98669616533613	1.152	-1.152	-1	-1	.546616
-6.97	-8.9800662258917	1.154	-1.154	-1	-1	.5478
-6.97	-8.97345080991569	1.156	-1.156	-1	-1	.549363
-6.97	-8.96684982237938	1.158	-1.158	-1	-1	.550539
-6.97	-8.96026316928587	1.16	-1.16	-1	-1	.553499
-6.97	-8.95369075765444	1.162	-1.162	-1	-1	.555076
-6.97	-8.94713249550525	1.164	-1.164	-1	-1	.556496
-6.97	-8.94058829184433	1.166	-1.166	-1	-1	.55871
-6.97	-8.93405805664882	1.168	-1.168	-1	-1	.560164
-6.97	-8.92754170085256	1.17	-1.17	-1	-1	.560913
-6.97	-8.92103913633187	1.172	-1.172	-1	-1	.563721
-6.97	-8.9145502758917	1.174	-1.174	-1	-1	.564776
-6.97	-8.90807503325194	1.176	-1.176	-1	-1	.567227
-6.97	-8.90161332303407	1.178	-1.178	-1	-1	.567385
-6.97	-8.895165060748	1.18	-1.18	-1	-1	.569178
-6.97	-8.88873016277919	1.182	-1.182	-1	-1	.571185
-6.97	-8.88230854637602	1.184	-1.184	-1	-1	.572503
-6.97	-8.87590012963734	1.186	-1.186	-1	-1	.575491
-6.97	-8.86950483150029	1.188	-1.188	-1	-1	.578306
-6.97	-8.86312257172838	1.19	-1.19	-1	-1	.578616
-6.97	-8.85675327089966	1.192	-1.192	-1	-1	.579991
-6.97	-8.85039685039528	1.194	-1.194	-1	-1	.582559
-6.97	-8.8440532323881	1.196	-1.196	-1	-1	.583994
-6.97	-8.83772233983162	1.198	-1.198	-1	-1	.58592
-8.19	-8.83140409644903	1.2	-1.2	-1	-1	.588535
-8.19	-8.82509842672249	1.202	-1.202	-1	-1	.589637
-8.19	-8.81880525588263	1.204	-1.204	-1	-1	.590522
-8.19	-8.81252450989815	1.206	-1.206	-1	-1	.591751
-8.19	-8.80625611546574	1.208	-1.208	-1	-1	.593818
-8.19	-8.8	1.21	-1.21	-1	-1	.596779
-8.19	-8.79375609162372	1.212	-1.212	-1	-1	.59755
-8.19	-8.7875243191582	1.214	-1.214	-1	-1	.599341
-8.19	-8.78130461211378	1.216	-1.216	-1	-1	.601614
-8.19	-8.77509690068058	1.218	-1.218	-1	-1	.602478
-8.19	-8.7689011157193	1.22	-1.22	-1	-1	.604041
-8.19	-8.76271718875227	1.222	-1.222	-1	-1	.605277
-8.19	-8.75654505195463	1.224	-1.224	-1	-1	.605766
-8.19	-8.75038463814562	1.226	-1.226	-1	-1	.6083
-8.19	-8.74423588078006	1.228	-1.228	-1	-1	.609258
-8.19	-8.73809871393998	1.23	-1.23	-1	-1	.610144
-8.19	-8.73197307232636	1.232	-1.232	-1	-1	.611904
-8.19	-8.72585889125102	1.234	-1.234	-1	-1	.614151
-8.19	-8.71975610662865	1.236	-1.236	-1	-1	.616754
-8.19	-8.713664654969	1.238	-1.238	-1	-1	.618531
-8.19	-8.70758447336913	1.24	-1.24	-1	-1	.619565
-8.19	-8.70151549950587	1.242	-1.242	-1	-1	.620767
-8.19	-8.69545767162834	1.244	-1.244	-1	-1	.62174
-8.19	-8.68941092855063	1.246	-1.246	-1	-1	.623739
-8.19	-8.6833752096446	1.248	-1.248	-1	-1	.625307
-8.19	-8.67735045483277	1.25	-1.25	-1	-1	.626517
-8.19	-8.67133660458135	1.252	-1.252	-1	-1	.628347
-8.19	-8.66533359989339	1.254	-1.254	-1	-1	.628686
-8.19	-8.65934138230199	1.256	-1.256	-1	-1	.630777
-8.19	-8.6533598938637	1.258	-1.258	-1	-1	.633631
-8.19	-8.64738907715196	1.26	-1.26	-1	-1	.633932
-8.19	-8.64142887525067	1.262	-1.262	-1	-1	.636033
-8.19	-8.63547923174785	1.264	-1.264	-1	-1	.636999
-8.19	-8.62954009072946	1.266	-1.266	-1	-1	.638887
-8.19	-8.62361139677317	1.268	-1.268	-1	-1	.642297
-8.19	-8.61769309494245	1.27	-1.27	-1	-1	.643529
-8.19	-8.61178513078052	1.272	-1.272	-1	-1	.642501
-8.19	-8.60588745030457	1.274	-1.274	-1	-1	.643131
-8.19	-8.6	1.276	-1.276	-1	-1	.643974
-8.19	-8.59412272681472	1.278	-1.278	-1	-1	.645417
-8.19	-8.5882555781536	1.28	-1.28	-1	-1	.647556
-8.19	-8.58239850187299	1.282	-1.282	-1	-1	.647664
-8.19	-8.57655144627526	1.284	-1.284	-1	-1	.650095
-8.19	-8.57071436010355	1.286	-1.286	-1	-1	.650329
-8.19	-8.56488719253647	1.288	-1.288	-1	-1	.651721
-8.19	-8.55906989318295	1.29	-1.29	-1	-1	.653089
-8.19	-8.55326241207718	1.292	-1.292	-1	-1	.655781
-8.19	-8.54746469967359	1.294	-1.294	-1	-1	.656272
-8.19	-8.54167670684188	1.296	-1.296	-1	-1	.656718
-8.19	-8.53589838486225	1.298	-1.298	-1	-1	.659255
-8.19	-8.5301296854205	1.3	-1.3	-1	-1	.660543
-8.19	-8.52437056060345	1.302	-1.302	-1	-1	.660149
-8.19	-8.51862096289416	1.304	-1.304	-1	-1	.659778
-8.19	-8.51288084516746	1.306	-1.306	-1	-1	.663202
-8.19	-8.5071501606854	1.308	-1.308	-1	-1	.665082
-8.19	-8.50142886309282	1.31	-1.31	-1	-1	.665408
-8.19	-8.49571690641295	1.312	-1.312	-1	-1	.667603
-8.19	-8.49001424504315	1.314	-1.314	-1	-1	.667751
-8.19	-8.48432083375061	1.316	-1.316	-1	-1	.669829
-8.19	-8.4786366276682	1.318	-1.318	-1	-1	.671639
-8.19	-8.47296158229032	1.32	-1.32	-1	-1	.671456
-8.19	-8.46729565346886	1.322	-1.322	-1	-1	.672437
-8.19	-8.46163879740917	1.324	-1.324	-1	-1	.675721
-8.19	-8.45599097066613	1.326	-1.326	-1	-1	.67624
-8.19	-8.45035213014023	1.328	-1.328	-1	-1	.67927
-8.19	-8.44472223307377	1.33	-1.33	-1	-1	.679642
-8.19	-8.43910123704703	1.332	-1.332	-1	-1	.680293
-8.19	-8.4334890999746	1.334	-1.334	-1	-1	.684096
-8.19	-8.42788578010165	1.336	-1.336	-1	-1	.684276
-8.19	-8.42229123600034	1.338	-1.338	-1	-1	.686146
-8.19	-8.41670542656622	1.34	-1.34	-1	-1	.688547
-8.19	-8.41112831101473	1.342	-1.342	-1	-1	.68923
-8.19	-8.40555984887772	1.344	-1.344	-1	-1	.691456
-8.19	-8.4	1.346	-1.346	-1	-1	.691815
-8.19	-8.39444872453601	1.348	-1.348	-1	-1	.694363
-10.27	-8.38890598294644	1.35	-1.35	-1	-1	.694975
-10.27	-8.38337173599498	1.352	-1.352	-1	-1	.698528
-10.27	-8.37784594474503	1.354	-1.354	-1	-1	.699195
-10.27	-8.37232857055659	1.356	-1.356	-1	-1	.703207
-10.27	-8.36681957508301	1.358	-1.358	-1	-1	.704651
-10.27	-8.36131892026795	1.36	-1.36	-1	-1	.704287
-10.27	-8.35582656834228	1.362	-1.362	-1	-1	.705958
-10.27	-8.35034248182107	1.364	-1.364	-1	-1	.708237
-10.27	-8.34486662350059	1.366	-1.366	-1	-1	.708225
-10.27	-8.33939895645537	1.368	-1.368	-1	-1	.712118
-10.27	-8.33393944403533	1.37	-1.37	-1	-1	.712425
-10.27	-8.32848804986284	1.372	-1.372	-1	-1	.715198
-10.27	-8.32304473782995	1.374	-1.374	-1	-1	.718678
-10.27	-8.31760947209561	1.376	-1.376	-1	-1	.719922
-10.27	-8.31218221708285	1.378	-1.378	-1	-1	.722956
-10.27	-8.30676293747612	1.38	-1.38	-1	-1	.724512
-10.27	-8.30135159821861	1.382	-1.382	-1	-1	.725874
-10.27	-8.29594816450957	1.384	-1.384	-1	-1	.728148
-10.27	-8.29055260180172	1.386	-1.386	-1	-1	.729833
-10.27	-8.28516487579866	1.388	-1.388	-1	-1	.730594
-10.27	-8.27978495245235	1.39	-1.39	-1	-1	.731379
-10.27	-8.27441279796057	1.392	-1.392	-1	-1	.732341
-10.27	-8.26904837876447	1.394	-1.394	-1	-1	.7338
-10.27	-8.26369166154612	1.396	-1.396	-1	-1	.736109
-10.27	-8.25834261322606	1.398	-1.398	-1	-1	.73688
-10.27	-8.25300120096096	1.4	-1.4	-1	-1	.738456
-10.27	-8.24766739214126	1.402	-1.402	-1	-1	.741216
-10.27	-8.24234115438881	1.404	-1.404	-1	-1	.741707
-10.27	-8.23702245555464	1.406	-1.406	-1	-1	.743738
-10.27	-8.23171126371665	1.408	-1.408	-1	-1	.745419
-10.27	-8.22640754717736	1.41	-1.41	-1	-1	.748338
-10.27	-8.22111127446176	1.412	-1.412	-1	-1	.748722
-10.27	-8.2158224143151	1.414	-1.414	-1	-1	.750663
-10.27	-8.21054093570072	1.416	-1.416	-1	-1	.752581
-10.27	-8.20526680779794	1.418	-1.418	-1	-1	.752233
-10.27	-8.2	1.42	-1.42	-1	-1	.754834
-10.27	-8.19474048191191	1.422	-1.422	-1	-1	.755162
-10.27	-8.18948822334847	1.424	-1.424	-1	-1	.756552
-10.27	-8.18424319433222	1.426	-1.426	-1	-1	.758601
-10.27	-8.17900536509144	1.428	-1.428	-1	-1	.760489
-10.27	-8.1737747060582	1.43	-1.43	-1	-1	.762925
-10.27	-8.1685511878664	1.432	-1.432	-1	-1	.764279
-10.27	-8.16333478134982	1.434	-1.434	-1	-1	.766297
-10.27	-8.15812545754029	1.436	-1.436	-1	-1	.767417
-10.27	-8.15292318766573	1.438	-1.438	-1	-1	.769685
-10.27	-8.14772794314836	1.44	-1.44	-1	-1	.771028
-10.27	-8.14253969560282	1.442	-1.442	-1	-1	.770825
-10.27	-8.13735841683441	1.444	-1.444	-1	-1	.771755
-10.27	-8.13218407883726	1.446	-1.446	-1	-1	.772216
-10.27	-8.12701665379258	1.448	-1.448	-1	-1	.773258
-10.27	-8.12185611406694	1.45	-1.45	-1	-1	.774462
-10.27	-8.11670243221048	1.452	-1.452	-1	-1	.776607
-10.27	-8.11155558095528	1.454	-1.454	-1	-1	.777249
-10.27	-8.10641553321364	1.456	-1.456	-1	-1	.778356
-10.27	-8.10128226207642	1.458	-1.458	-1	-1	.779129
-10.27	-8.09615574081137	1.46	-1.46	-1	-1	.782082
-10.27	-8.09103594286159	1.462	-1.462	-1	-1	.782153
-10.27	-8.08592284184381	1.464	-1.464	-1	-1	.784234
-10.27	-8.08081641154692	1.466	-1.466	-1	-1	.785993
-10.27	-8.07571662593028	1.468	-1.468	-1	-1	.787027
-10.27	-8.0706234591223	1.47	-1.47	-1	-1	.787441
-10.27	-8.0655368854188	1.472	-1.472	-1	-1	.789348
-10.27	-8.06045687928156	1.474	-1.474	-1	-1	.790464
-10.27	-8.0553834153368	1.476	-1.476	-1	-1	.790981
-10.27	-8.0503164683737	1.478	-1.478	-1	-1	.793186
-10.27	-8.04525601334296	1.48	-1.48	-1	-1	.794854
-10.27	-8.04020202535533	1.482	-1.482	-1	-1	.797112
-10.27	-8.0351544796802	1.484	-1.484	-1	-1	.797626
-10.27	-8.03011335174416	1.486	-1.486	-1	-1	.799506
-10.27	-8.02507861712964	1.488	-1.488	-1	-1	.799489
-10.27	-8.02005025157352	1.49	-1.49	-1	-1	.800331
-10.27	-8.01502823096575	1.492	-1.492	-1	-1	.800131
-10.27	-8.010012531348	1.494	-1.494	-1	-1	.801454
-10.27	-8.00500312891236	1.496	-1.496	-1	-1	.803159
-10.27	-8	1.498	-1.498	-1	-1	.804185
-10.27	-7.99500312109984	1.5	-1.5	-1	-1	.807243
-10.27	-7.99001246884732	1.502	-1.502	-1	-1	.808496
-10.27	-7.98502802002305	1.504	-1.504	-1	-1	.813002
-10.27	-7.98004975155164	1.506	-1.506	-1	-1	.811026
-10.27	-7.97507764050038	1.508	-1.508	-1	-1	.814041
-10.27	-7.97011166407802	1.51	-1.51	-1	-1	.814042
-10.27	-7.9651517996336	1.512	-1.512	-1	-1	.816162
-10.27	-7.96019802465517	1.514	-1.514	-1	-1	.816208
-10.27	-7.95525031676866	1.516	-1.516	-1	-1	.817587
-10.27	-7.95030865373668	1.518	-1.518	-1	-1	.818909
-10.27	-7.94537301345734	1.52	-1.52	-1	-1	.820671
-10.27	-7.94044337396311	1.522	-1.522	-1	-1	.822821
-10.27	-7.93551971341969	1.524	-1.524	-1	-1	.824316
-10.27	-7.93060201012484	1.526	-1.526	-1	-1	.826922
-10.27	-7.92569024250733	1.528	-1.528	-1	-1	.82868
-10.27	-7.92078438912577	1.53	-1.53	-1	-1	.829939
-10.27	-7.91588442866757	1.532	-1.532	-1	-1	.831808
-10.27	-7.91099033994783	1.534	-1.534	-1	-1	.833538
-10.27	-7.90610210190826	1.536	-1.536	-1	-1	.834507
-10.27	-7.90121969361616	1.538	-1.538	-1	-1	.836447
-10.27	-7.89634309426336	1.54	-1.54	-1	-1	.836653
-10.27	-7.89147228316517	1.542	-1.542	-1	-1	.839623
-10.27	-7.88660723975937	1.544	-1.544	-1	-1	.842078
-10.27	-7.8817479436052	1.546	-1.546	-1	-1	.843837
-10.27	-7.87689437438234	1.548	-1.548	-1	-1	.844748
-10.27	-7.87204651188994	1.55	-1.55	-1	-1	.84693
-10.27	-7.86720433604564	1.552	-1.552	-1	-1	.848588
-10.27	-7.86236782688456	1.554	-1.554	-1	-1	.850616
-10.27	-7.8575369645584	1.556	-1.556	-1	-1	.851788
-10.27	-7.85271172933446	1.558	-1.558	-1	-1	.853576
-10.27	-7.84789210159466	1.56	-1.56	-1	-1	.854447
-10.27	-7.84307806183469	1.562	-1.562	-1	-1	.856413
-10.27	-7.83826959066304	1.564	-1.564	-1	-1	.859893
-10.27	-7.83346666880007	1.566	-1.566	-1	-1	.859972
-10.27	-7.82866927707716	1.568	-1.568	-1	-1	.861245
-10.27	-7.82387739643578	1.57	-1.57	-1	-1	.861899
-10.27	-7.81909100792663	1.572	-1.572	-1	-1	.865824
-10.27	-7.81431009270873	1.574	-1.574	-1	-1	.866948
-10.27	-7.80953463204861	1.576	-1.576	-1	-1	.868939
-10.27	-7.80476460731939	1.578	-1.578	-1	-1	.871179
-10.27	-7.8	1.58	-1.58	-1	-1	.872822
-10.27	-7.79524079167427	1.582	-1.582	-1	-1	.873718
-10.27	-7.79048696403016	1.584	-1.584	-1	-1	.87691
-10.27	-7.7857384988589	1.586	-1.586	-1	-1	.877851
-10.27	-7.7809953780542	1.588	-1.588	-1	-1	.879817
-10.27	-7.77625758361143	1.59	-1.59	-1	-1	.881865
-10.27	-7.7715250976268	1.592	-1.592	-1	-1	.882102
-10.27	-7.76679790229665	1.594	-1.594	-1	-1	.883948
-10.27	-7.76207597991658	1.596	-1.596	-1	-1	.886271
-10.27	-7.75735931288072	1.598	-1.598	-1	-1	.887683
-10.27	-7.75264788368094	1.6	-1.6	-1	-1	.887686
-10.27	-7.74794167490614	1.602	-1.602	-1	-1	.890352
-10.27	-7.74324066924145	1.604	-1.604	-1	-1	.892148
-10.27	-7.7385448494675	1.606	-1.606	-1	-1	.893274
-10.27	-7.73385419845969	1.608	-1.608	-1	-1	.894551
-10.27	-7.72916869918748	1.61	-1.61	-1	-1	.896013
-10.27	-7.72448833471361	1.612	-1.612	-1	-1	.89717
-10.27	-7.71981308819346	1.614	-1.614	-1	-1	.898113
-10.27	-7.71514294287429	1.616	-1.616	-1	-1	.898135
-10.27	-7.71047788209456	1.618	-1.618	-1	-1	.900856
-10.27	-7.70581788928322	1.62	-1.62	-1	-1	.900893
-10.27	-7.70116294795906	1.622	-1.622	-1	-1	.901202
-10.27	-7.69651304173	1.624	-1.624	-1	-1	.903257
-10.27	-7.6918681542924	1.626	-1.626	-1	-1	.904134
-10.27	-7.68722826943043	1.628	-1.628	-1	-1	.905844
-10.27	-7.68259337101542	1.63	-1.63	-1	-1	.905538
-10.27	-7.67796344300514	1.632	-1.632	-1	-1	.907581
-10.27	-7.67333846944321	1.634	-1.634	-1	-1	.907579
-10.27	-7.66871843445846	1.636	-1.636	-1	-1	.909328
-10.27	-7.66410332226424	1.638	-1.638	-1	-1	.910635
-10.27	-7.65949311715786	1.64	-1.64	-1	-1	.911494
-10.27	-7.65488780351991	1.642	-1.642	-1	-1	.913466
-10.27	-7.65028736581369	1.644	-1.644	-1	-1	.915064
-10.27	-7.64569178858455	1.646	-1.646	-1	-1	.916107
-10.27	-7.64110105645933	1.648	-1.648	-1	-1	.91743
-10.27	-7.63651515414571	1.65	-1.65	-1	-1	.918857
-10.27	-7.63193406643169	1.652	-1.652	-1	-1	.919782
-10.27	-7.62735777818491	1.654	-1.654	-1	-1	.920171
-10.27	-7.62278627435214	1.656	-1.656	-1	-1	.921901
-10.27	-7.61821953995867	1.658	-1.658	-1	-1	.922413
-10.27	-7.61365756010774	1.66	-1.66	-1	-1	.923363
-10.27	-7.60910031997997	1.662	-1.662	-1	-1	.924268
-10.27	-7.60454780483282	1.664	-1.664	-1	-1	.925526
-10.27	-7.6	1.666	-1.666	-1	-1	.928615
-10.27	-7.59545689089095	1.668	-1.668	-1	-1	.929648
-10.27	-7.59091846299028	1.67	-1.67	-1	-1	.930324
-10.27	-7.58638470185722	1.672	-1.672	-1	-1	.932116
-10.27	-7.5818555931251	1.674	-1.674	-1	-1	.933854
-10.27	-7.5773311225008	1.676	-1.676	-1	-1	.933909
-10.27	-7.57281127576427	1.678	-1.678	-1	-1	.934365
-10.27	-7.56829603876793	1.68	-1.68	-1	-1	.936234
-10.27	-7.56378539743623	1.682	-1.682	-1	-1	.936369
-10.27	-7.5592793377651	1.684	-1.684	-1	-1	.937847
-10.27	-7.55477784582143	1.686	-1.686	-1	-1	.938939
-10.27	-7.5502809077426	1.688	-1.688	-1	-1	.941048
-10.27	-7.54578850973598	1.69	-1.69	-1	-1	.942011
-10.27	-7.54130063807841	1.692	-1.692	-1	-1	.943013
-10.27	-7.53681727911572	1.694	-1.694	-1	-1	.945128
-10.27	-7.53233841926226	1.696	-1.696	-1	-1	.946701
-10.27	-7.52786404500042	1.698	-1.698	-1	-1	.947647
NaN	-7.52339414288012	1.7	-1.7	-1	-1	.949822
NaN	-7.51892869951838	1.702	-1.702	-1	-1	.950483
NaN	-7.51446770159884	1.704	-1.704	-1	-1	.951726
NaN	-7.51001113587127	1.706	-1.706	-1	-1	.953265
NaN	-7.50555898915115	1.708	-1.708	-1	-1	.954123
NaN	-7.5011112483192	1.71	-1.71	-1	-1	.954808
NaN	-7.49666790032092	1.712	-1.712	-1	-1	.956261
NaN	-7.49222893216614	1.714	-1.714	-1	-1	.956878
NaN	-7.48779433092861	1.716	-1.716	-1	-1	.958408
NaN	-7.48336408374551	1.718	-1.718	-1	-1	.961094
NaN	-7.47893817781707	1.72	-1.72	-1	-1	.961022
NaN	-7.4745166004061	1.722	-1.722	-1	-1	.963054
NaN	-7.47009933883755	1.724	-1.724	-1	-1	.965843
NaN	-7.46568638049815	1.726	-1.726	-1	-1	.968632
NaN	-7.46127771283591	1.728	-1.728	-1	-1	.96931
NaN	-7.45687332335978	1.73	-1.73	-1	-1	.970973
NaN	-7.45247319963917	1.732	-1.732	-1	-1	.97189
NaN	-7.44807732930358	1.734	-1.734	-1	-1	.972683
NaN	-7.44368570004219	1.736	-1.736	-1	-1	.975087
NaN	-7.43929829960345	1.738	-1.738	-1	-1	.975752
NaN	-7.43491511579467	1.74	-1.74	-1	-1	.977818
NaN	-7.43053613648166	1.742	-1.742	-1	-1	.980035
NaN	-7.42616134958829	1.744	-1.744	-1	-1	.98098
NaN	-7.42179074309616	1.746	-1.746	-1	-1	.982248
NaN	-7.41742430504416	1.748	-1.748	-1	-1	.984313
NaN	-7.41306202352811	1.75	-1.75	-1	-1	.987585
NaN	-7.4087038867004	1.752	-1.752	-1	-1	.987751
NaN	-7.40434988276958	1.754	-1.754	-1	-1	.991142
NaN	-7.4	1.756	-1.756	-1	-1	.992581
NaN	-7.39565422671147	1.758	-1.758	-1	-1	.994028
NaN	-7.39131255127884	1.76	-1.76	-1	-1	.995831
NaN	-7.38697496213168	1.762	-1.762	-1	-1	.99666
NaN	-7.38264144775392	1.764	-1.764	-1	-1	.997427
NaN	-7.37831199668346	1.766	-1.766	-1	-1	.999055
NaN	-7.37398659751185	1.768	-1.768	-1	-1	1.000542
NaN	-7.36966523888391	1.77	-1.77	-1	-1	1.000334
NaN	-7.36534790949741	1.772	-1.772	-1	-1	1.002975
NaN	-7.36103459810272	1.774	-1.774	-1	-1	1.004517
NaN	-7.35672529350244	1.776	-1.776	-1	-1	1.005897
NaN	-7.3524199845511	1.778	-1.778	-1	-1	1.008433
NaN	-7.3481186601548	1.78	-1.78	-1	-1	1.010021
NaN	-7.34382130927087	1.782	-1.782	-1	-1	1.011407
NaN	-7.33952792090758	1.784	-1.784	-1	-1	1.012511
NaN	-7.33523848412376	1.786	-1.786	-1	-1	1.015265
NaN	-7.3309529880285	1.788	-1.788	-1	-1	1.015485
NaN	-7.32667142178083	1.79	-1.79	-1	-1	1.017647
NaN	-7.3223937745894	1.792	-1.792	-1	-1	1.019227
NaN	-7.31812003571215	1.794	-1.794	-1	-1	1.02159
NaN	-7.31385019445601	1.796	-1.796	-1	-1	1.021365
NaN	-7.30958424017657	1.798	-1.798	-1	-1	1.022239
NaN	-7.3053221622778	1.8	-1.8	-1	-1	1.02385
NaN	-7.30106395021171	1.802	-1.802	-1	-1	1.025356
NaN	-7.29680959347806	1.804	-1.804	-1	-1	1.025798
NaN	-7.29255908162407	1.806	-1.806	-1	-1	1.02777
NaN	-7.2883124042441	1.808	-1.808	-1	-1	1.029111
NaN	-7.28406955097936	1.81	-1.81	-1	-1	1.031511
NaN	-7.27983051151762	1.812	-1.812	-1	-1	1.03231
NaN	-7.27559527559291	1.814	-1.814	-1	-1	1.03317
NaN	-7.27136383298524	1.816	-1.816	-1	-1	1.032771
NaN	-7.26713617352031	1.818	-1.818	-1	-1	1.033336
NaN	-7.2629122870692	1.82	-1.82	-1	-1	1.034323
NaN	-7.25869216354812	1.822	-1.822	-1	-1	1.035841
NaN	-7.25447579291813	1.824	-1.824	-1	-1	1.037812
NaN	-7.25026316518483	1.826	-1.826	-1	-1	1.038546
NaN	-7.24605427039811	1.828	-1.828	-1	-1	1.041075
NaN	-7.24184909865187	1.83	-1.83	-1	-1	1.04013
NaN	-7.23764764008374	1.832	-1.832	-1	-1	1.041628
NaN	-7.23344988487481	1.834	-1.834	-1	-1	1.043153
NaN	-7.22925582324937	1.836	-1.836	-1	-1	1.043505
NaN	-7.22506544547467	1.838	-1.838	-1	-1	1.045442
NaN	-7.22087874186059	1.84	-1.84	-1	-1	1.046697
NaN	-7.21669570275944	1.842	-1.842	-1	-1	1.048511
NaN	-7.21251631856567	1.844	-1.844	-1	-1	1.048886
NaN	-7.20834057971562	1.846	-1.846	-1	-1	1.051117
NaN	-7.20416847668728	1.848	-1.848	-1	-1	1.051652
NaN	-7.2	1.85	-1.85	-1	-1	1.053093
NaN	-7.19583514021427	1.852	-1.852	-1	-1	1.054295
NaN	-7.19167388793148	1.854	-1.854	-1	-1	1.055283
NaN	-7.18751623379361	1.856	-1.856	-1	-1	1.056575
NaN	-7.18336216848308	1.858	-1.858	-1	-1	1.057408
NaN	-7.17921168272242	1.86	-1.86	-1	-1	1.058943
NaN	-7.17506476727407	1.862	-1.862	-1	-1	1.059128
NaN	-7.17092141294015	1.864	-1.864	-1	-1	1.061855
NaN	-7.16678161056217	1.866	-1.866	-1	-1	1.062068
NaN	-7.16264535102087	1.868	-1.868	-1	-1	1.064216
NaN	-7.15851262523592	1.87	-1.87	-1	-1	1.066187
NaN	-7.15438342416571	1.872	-1.872	-1	-1	1.06738
NaN	-7.15025773880714	1.874	-1.874	-1	-1	1.068318
NaN	-7.14613556019536	1.876	-1.876	-1	-1	1.069961
NaN	-7.14201687940355	1.878	-1.878	-1	-1	1.070716
NaN	-7.13790168754271	1.88	-1.88	-1	-1	1.072161
NaN	-7.13378997576142	1.882	-1.882	-1	-1	1.073222
NaN	-7.12968173524563	1.884	-1.884	-1	-1	1.075209
NaN	-7.12557695721842	1.886	-1.886	-1	-1	1.075748
NaN	-7.12147563293981	1.888	-1.888	-1	-1	1.078032
NaN	-7.11737775370652	1.89	-1.89	-1	-1	1.078342
NaN	-7.11328331085175	1.892	-1.892	-1	-1	1.080509
NaN	-7.10919229574501	1.894	-1.894	-1	-1	1.082425
NaN	-7.10510469979183	1.896	-1.896	-1	-1	1.083018
NaN	-7.10102051443364	1.898	-1.898	-1	-1	1.083816
NaN	-7.0969397311475	1.9	-1.9	-1	-1	1.085436
NaN	-7.09286234144588	1.902	-1.902	-1	-1	1.086987
NaN	-7.08878833687653	1.904	-1.904	-1	-1	1.08786
NaN	-7.0847177090222	1.906	-1.906	-1	-1	1.08908
NaN	-7.08065044950046	1.908	-1.908	-1	-1	1.091233
NaN	-7.07658654996353	1.91	-1.91	-1	-1	1.093519
NaN	-7.07252600209803	1.912	-1.912	-1	-1	1.094576
NaN	-7.06846879762482	1.914	-1.914	-1	-1	1.095936
NaN	-7.06441492829877	1.916	-1.916	-1	-1	1.098157
NaN	-7.06036438590861	1.918	-1.918	-1	-1	1.098676
NaN	-7.05631716227669	1.92	-1.92	-1	-1	1.099016
NaN	-7.05227324925881	1.922	-1.922	-1	-1	1.102233
NaN	-7.04823263874402	1.924	-1.924	-1	-1	1.103164
NaN	-7.04419532265445	1.926	-1.926	-1	-1	1.105615
NaN	-7.0401612929451	1.928	-1.928	-1	-1	1.107429
NaN	-7.03613054160366	1.93	-1.93	-1	-1	1.109213
NaN	-7.03210306065031	1.932	-1.932	-1	-1	1.108995
NaN	-7.02807884213758	1.934	-1.934	-1	-1	1.110701
NaN	-7.02405787815011	1.936	-1.936	-1	-1	1.112188
NaN	-7.02004016080451	1.938	-1.938	-1	-1	1.113118
NaN	-7.01602568224915	1.94	-1.94	-1	-1	1.114367
NaN	-7.01201443466403	1.942	-1.942	-1	-1	1.115618
NaN	-7.00800641026053	1.944	-1.944	-1	-1	1.116772
NaN	-7.00400160128128	1.946	-1.946	-1	-1	1.117738
NaN	-7	1.948	-1.948	-1	-1	1.120899
NaN	-6.99600159872128	1.95	-1.95	-1	-1	1.120606
NaN	-6.99200638978043	1.952	-1.952	-1	-1	1.121568
NaN	-6.98801436554333	1.954	-1.954	-1	-1	1.123491
NaN	-6.98402551840622	1.956	-1.956	-1	-1	1.12623
NaN	-6.98003984079555	1.958	-1.958	-1	-1	1.125421
NaN	-6.97605732516781	1.96	-1.96	-1	-1	1.12823
NaN	-6.97207796400939	1.962	-1.962	-1	-1	1.129389
NaN	-6.96810174983635	1.964	-1.964	-1	-1	1.130789
NaN	-6.96412867519433	1.966	-1.966	-1	-1	1.133108
NaN	-6.96015873265834	1.968	-1.968	-1	-1	1.133605
NaN	-6.9561919148326	1.97	-1.97	-1	-1	1.134942
NaN	-6.95222821435041	1.972	-1.972	-1	-1	1.135596
NaN	-6.94826762387396	1.974	-1.974	-1	-1	1.137279
NaN	-6.94431013609418	1.976	-1.976	-1	-1	1.137996
NaN	-6.94035574373059	1.978	-1.978	-1	-1	1.140012
NaN	-6.93640443953113	1.98	-1.98	-1	-1	1.141187
NaN	-6.93245621627203	1.982	-1.982	-1	-1	1.143529
NaN	-6.92851106675761	1.984	-1.984	-1	-1	1.144709
NaN	-6.92456898382019	1.986	-1.986	-1	-1	1.145559
NaN	-6.92062996031988	1.988	-1.988	-1	-1	1.147347
NaN	-6.91669398914447	1.99	-1.99	-1	-1	1.14908
NaN	-6.91276106320924	1.992	-1.992	-1	-1	1.150239
NaN	-6.90883117545686	1.994	-1.994	-1	-1	1.150567
NaN	-6.9049043188572	1.996	-1.996	-1	-1	1.152153
NaN	-6.90098048640722	1.998	-1.998	-1	-1	1.153392
NaN	-6.89705967113077	2	-2	-1	-1	1.154728
NaN	-6.89314186607852	2.002	-2.002	-1	-1	1.156677
NaN	-6.88922706432774	2.004	-2.004	-1	-1	1.157171
NaN	-6.88531525898223	2.006	-2.006	-1	-1	1.158506
NaN	-6.88140644317211	2.008	-2.008	-1	-1	1.159951
NaN	-6.87750061005372	2.01	-2.01	-1	-1	1.160759
NaN	-6.87359775280948	2.012	-2.012	-1	-1	1.163996
NaN	-6.86969786464774	2.014	-2.014	-1	-1	1.164065
NaN	-6.86580093880263	2.016	-2.016	-1	-1	1.166777
NaN	-6.86190696853395	2.018	-2.018	-1	-1	1.168732
NaN	-6.85801594712702	2.02	-2.02	-1	-1	1.168121
NaN	-6.85412786789256	2.022	-2.022	-1	-1	1.169092
NaN	-6.85024272416651	2.024	-2.024	-1	-1	1.171317
NaN	-6.84636050930995	2.026	-2.026	-1	-1	1.172381
NaN	-6.84248121670895	2.028	-2.028	-1	-1	1.173916
NaN	-6.83860483977442	2.03	-2.03	-1	-1	1.174978
NaN	-6.83473137194202	2.032	-2.032	-1	-1	1.175714
NaN	-6.83086080667197	2.034	-2.034	-1	-1	1.175603
NaN	-6.82699313744897	2.036	-2.036	-1	-1	1.17729
NaN	-6.82312835778209	2.038	-2.038	-1	-1	1.179992
NaN	-6.81926646120455	2.04	-2.04	-1	-1	1.179318
NaN	-6.81540744127371	2.042	-2.042	-1	-1	1.181603
NaN	-6.81155129157086	2.044	-2.044	-1	-1	1.183576
NaN	-6.80769800570113	2.046	-2.046	-1	-1	1.184956
NaN	-6.80384757729337	2.048	-2.048	-1	-1	1.186339
NaN	-6.8	2.05	-2.05	-1	-1	1.186976
NaN	-6.79615526749692	2.052	-2.052	-1	-1	1.188964
NaN	-6.79231337348338	2.054	-2.054	-1	-1	1.188885
NaN	-6.78847431168185	2.056	-2.056	-1	-1	1.191048
NaN	-6.78463807583788	2.058	-2.058	-1	-1	1.192356
NaN	-6.78080465972004	2.06	-2.06	-1	-1	1.19319
NaN	-6.77697405711976	2.062	-2.062	-1	-1	1.194995
NaN	-6.77314626185121	2.064	-2.064	-1	-1	1.196288
NaN	-6.76932126775119	2.066	-2.066	-1	-1	1.197998
NaN	-6.76549906867904	2.068	-2.068	-1	-1	1.199576
NaN	-6.76167965851648	2.07	-2.07	-1	-1	1.199713
NaN	-6.75786303116754	2.072	-2.072	-1	-1	1.202089
NaN	-6.7540491805584	2.074	-2.074	-1	-1	1.205158
NaN	-6.75023810063733	2.076	-2.076	-1	-1	1.20669
NaN	-6.74642978537452	2.078	-2.078	-1	-1	1.206052
NaN	-6.74262422876203	2.08	-2.08	-1	-1	1.207378
NaN	-6.73882142481364	2.082	-2.082	-1	-1	1.207287
NaN	-6.73502136756473	2.084	-2.084	-1	-1	1.209924
NaN	-6.7312240510722	2.086	-2.086	-1	-1	1.209852
NaN	-6.72742946941437	2.088	-2.088	-1	-1	1.211071
NaN	-6.72363761669083	2.09	-2.09	-1	-1	1.213152
NaN	-6.71984848702237	2.092	-2.092	-1	-1	1.214098
NaN	-6.71606207455084	2.094	-2.094	-1	-1	1.216921
NaN	-6.71227837343909	2.096	-2.096	-1	-1	1.218743
NaN	-6.70849737787082	2.098	-2.098	-1	-1	1.220462
NaN	-6.70471908205051	2.1	-2.1	-1	-1	1.221259
NaN	-6.70094348020329	2.102	-2.102	-1	-1	1.222521
NaN	-6.69717056657486	2.104	-2.104	-1	-1	1.223981
NaN	-6.69340033543136	2.106	-2.106	-1	-1	1.223825
NaN	-6.6896327810593	2.108	-2.108	-1	-1	1.225094
NaN	-6.68586789776543	2.11	-2.11	-1	-1	1.227352
NaN	-6.68210567987667	2.112	-2.112	-1	-1	1.227075
NaN	-6.67834612173997	2.114	-2.114	-1	-1	1.227149
NaN	-6.67458921772226	2.116	-2.116	-1	-1	1.229632
NaN	-6.67083496221031	2.118	-2.118	-1	-1	1.230372
NaN	-6.66708334961065	2.12	-2.12	-1	-1	1.232298
NaN	-6.66333437434947	2.122	-2.122	-1	-1	1.233139
NaN	-6.65958803087252	2.124	-2.124	-1	-1	1.235924
NaN	-6.65584431364505	2.126	-2.126	-1	-1	1.2366
NaN	-6.65210321715163	2.128	-2.128	-1	-1	1.238376
NaN	-6.64836473589614	2.13	-2.13	-1	-1	1.240534
NaN	-6.64462886440165	2.132	-2.132	-1	-1	1.24237
NaN	-6.6408955972103	2.134	-2.134	-1	-1	1.243324
NaN	-6.63716492888323	2.136	-2.136	-1	-1	1.244322
NaN	-6.6334368540005	2.138	-2.138	-1	-1	1.245551
NaN	-6.62971136716098	2.14	-2.14	-1	-1	1.247198
NaN	-6.62598846298224	2.142	-2.142	-1	-1	1.248691
NaN	-6.6222681361005	2.144	-2.144	-1	-1	1.249699
NaN	-6.61855038117052	2.146	-2.146	-1	-1	1.249522
NaN	-6.6148351928655	2.148	-2.148	-1	-1	1.252013
NaN	-6.61112256587701	2.15	-2.15	-1	-1	1.252416
NaN	-6.60741249491489	2.152	-2.152	-1	-1	1.254491
NaN	-6.60370497470718	2.154	-2.154	-1	-1	1.256477
NaN	-6.6	2.156	-2.156	-1	-1	1.257906
NaN	-6.59629756555748	2.158	-2.158	-1	-1	1.258389
NaN	-6.59259766616169	2.16	-2.16	-1	-1	1.259293
NaN	-6.58890029661253	2.162	-2.162	-1	-1	1.259776
NaN	-6.58520545172765	2.164	-2.164	-1	-1	1.261607
NaN	-6.58151312634237	2.166	-2.166	-1	-1	1.2642
NaN	-6.57782331530962	2.168	-2.168	-1	-1	1.265419
NaN	-6.57413601349979	2.17	-2.17	-1	-1	1.266665
NaN	-6.57045121580071	2.172	-2.172	-1	-1	1.266789
NaN	-6.56676891711755	2.174	-2.174	-1	-1	1.268576
NaN	-6.56308911237273	2.176	-2.176	-1	-1	1.270444
NaN	-6.55941179650582	2.178	-2.178	-1	-1	1.271389
NaN	-6.55573696447352	2.18	-2.18	-1	-1	1.273263
NaN	-6.55206461124951	2.182	-2.182	-1	-1	1.274103
NaN	-6.5483947318244	2.184	-2.184	-1	-1	1.276
NaN	-6.54472732120566	2.186	-2.186	-1	-1	1.277601
NaN	-6.54106237441753	2.188	-2.188	-1	-1	1.278532
NaN	-6.53739988650093	2.19	-2.19	-1	-1	1.281154
NaN	-6.53373985251342	2.192	-2.192	-1	-1	1.282436
NaN	-6.53008226752906	2.194	-2.194	-1	-1	1.28341
NaN	-6.5264271266384	2.196	-2.196	-1	-1	1.283777
NaN	-6.52277442494834	NaN	NaN	-1	-1	1.286325
NaN	-6.51912415758211	NaN	NaN	-1	-1	1.288152
NaN	-6.51547631967916	NaN	NaN	-1	-1	1.289154
NaN	-6.5118309063951	NaN	NaN	-1	-1	1.291256
NaN	-6.50818791290161	NaN	NaN	-1	-1	1.291174
NaN	-6.50454733438637	NaN	NaN	-1	-1	1.292424
NaN	-6.50090916605299	NaN	NaN	-1	-1	1.294652
NaN	-6.49727340312096	NaN	NaN	-1	-1	1.295388
NaN	-6.49364004082552	NaN	NaN	-1	-1	1.297836
NaN	-6.49000907441764	NaN	NaN	-1	-1	1.299517
NaN	-6.48638049916391	NaN	NaN	-1	-1	1.300353
NaN	-6.48275431034651	NaN	NaN	-1	-1	1.302354
NaN	-6.4791305032631	NaN	NaN	-1	-1	1.303896
NaN	-6.47550907322675	NaN	NaN	-1	-1	1.305635
NaN	-6.4718900155659	NaN	NaN	-1	-1	1.305633
NaN	-6.46827332562427	NaN	NaN	-1	-1	1.306121
NaN	-6.46465899876078	NaN	NaN	-1	-1	1.308782
NaN	-6.46104703034951	NaN	NaN	-1	-1	1.309602
NaN	-6.45743741577959	NaN	NaN	-1	-1	1.310977
NaN	-6.45383015045518	NaN	NaN	-1	-1	1.312806
NaN	-6.45022522979536	NaN	NaN	-1	-1	1.314485
NaN	-6.44662264923407	NaN	NaN	-1	-1	1.317379
NaN	-6.44302240422008	NaN	NaN	-1	-1	1.318082
NaN	-6.43942449021686	NaN	NaN	-1	-1	1.320188
NaN	-6.43582890270258	NaN	NaN	-1	-1	1.321922
NaN	-6.43223563716998	NaN	NaN	-1	-1	1.323067
NaN	-6.42864468912635	NaN	NaN	-1	-1	1.325029
NaN	-6.42505605409346	NaN	NaN	-1	-1	1.326189
NaN	-6.42146972760746	NaN	NaN	-1	-1	1.326722
NaN	-6.41788570521885	NaN	NaN	-1	-1	1.328415
NaN	-6.41430398249242	NaN	NaN	-1	-1	1.329947
NaN	-6.41072455500715	NaN	NaN	-1	-1	1.331659
NaN	-6.40714741835617	NaN	NaN	-1	-1	1.331272
NaN	-6.40357256814671	NaN	NaN	-1	-1	1.334368
NaN	-6.4	NaN	NaN	-1	-1	1.336009
NaN	-6.39642970955124	NaN	NaN	-1	-1	1.336686
NaN	-6.39286169244953	NaN	NaN	-1	-1	1.338349
NaN	-6.38929594435778	NaN	NaN	-1	-1	1.339142
NaN	-6.38573246095272	NaN	NaN	-1	-1	1.340036
NaN	-6.38217123792474	NaN	NaN	-1	-1	1.341975
NaN	-6.37861227097792	NaN	NaN	-1	-1	1.343989
NaN	-6.37505555582991	NaN	NaN	-1	-1	1.344657
NaN	-6.37150108821188	NaN	NaN	-1	-1	1.346017
NaN	-6.36794886386851	NaN	NaN	-1	-1	1.348122
NaN	-6.36439887855785	NaN	NaN	-1	-1	1.350193
NaN	-6.36085112805133	NaN	NaN	-1	-1	1.350734
NaN	-6.35730560813365	NaN	NaN	-1	-1	1.351046
NaN	-6.35376231460276	NaN	NaN	-1	-1	1.351537
NaN	-6.35022124326979	NaN	NaN	-1	-1	1.353293
NaN	-6.34668238995897	NaN	NaN	-1	-1	1.354194
NaN	-6.34314575050762	NaN	NaN	-1	-1	1.355646
NaN	-6.33961132076604	NaN	NaN	-1	-1	1.356432
NaN	-6.33607909659748	NaN	NaN	-1	-1	1.35657
NaN	-6.3325490738781	NaN	NaN	-1	-1	1.359418
NaN	-6.32902124849687	NaN	NaN	-1	-1	1.35974
NaN	-6.32549561635556	NaN	NaN	-1	-1	1.361216
NaN	-6.32197217336864	NaN	NaN	-1	-1	1.361915
NaN	-6.31845091546328	NaN	NaN	-1	-1	1.364646
NaN	-6.31493183857924	NaN	NaN	-1	-1	1.365087
NaN	-6.31141493866884	NaN	NaN	-1	-1	1.368163
NaN	-6.30790021169692	NaN	NaN	-1	-1	1.369249
NaN	-6.30438765364074	NaN	NaN	-1	-1	1.36855
NaN	-6.30087726049	NaN	NaN	-1	-1	1.370966
NaN	-6.2973690282467	NaN	NaN	-1	-1	1.370484
NaN	-6.29386295292516	NaN	NaN	-1	-1	1.373498
NaN	-6.29035903055192	NaN	NaN	-1	-1	1.373356
NaN	-6.28685725716572	NaN	NaN	-1	-1	1.375619
NaN	-6.28335762881742	NaN	NaN	-1	-1	1.376975
NaN	-6.27986014156996	NaN	NaN	-1	-1	1.37678
NaN	-6.27636479149833	NaN	NaN	-1	-1	1.378369
NaN	-6.27287157468946	NaN	NaN	-1	-1	1.380238
NaN	-6.26938048724224	NaN	NaN	-1	-1	1.381348
NaN	-6.26589152526742	NaN	NaN	-1	-1	1.383251
NaN	-6.26240468488758	NaN	NaN	-1	-1	1.383569
NaN	-6.25891996223707	NaN	NaN	-1	-1	1.38543
NaN	-6.25543735346197	NaN	NaN	-1	-1	1.386061
NaN	-6.25195685472003	NaN	NaN	-1	-1	1.388565
NaN	-6.24847846218064	NaN	NaN	-1	-1	1.388551
NaN	-6.24500217202474	NaN	NaN	-1	-1	1.390074
NaN	-6.24152798044481	NaN	NaN	-1	-1	1.391752
NaN	-6.23805588364483	NaN	NaN	-1	-1	1.392904
NaN	-6.23458587784017	NaN	NaN	-1	-1	1.393684
NaN	-6.23111795925762	NaN	NaN	-1	-1	1.395102
NaN	-6.22765212413528	NaN	NaN	-1	-1	1.397344
NaN	-6.22418836872254	NaN	NaN	-1	-1	1.398854
NaN	-6.22072668928004	NaN	NaN	-1	-1	1.399238
NaN	-6.21726708207962	NaN	NaN	-1	-1	1.400763
NaN	-6.21380954340423	NaN	NaN	-1	-1	1.402198
NaN	-6.21035406954795	NaN	NaN	-1	-1	1.404482
NaN	-6.2069006568159	NaN	NaN	-1	-1	1.406354
NaN	-6.20344930152422	NaN	NaN	-1	-1	1.406791
NaN	-6.2	NaN	NaN	-1	-1	1.408489
NaN	-6.19655274858124	NaN	NaN	-1	-1	1.41046
NaN	-6.19310754361681	NaN	NaN	-1	-1	1.411461
NaN	-6.18966438146642	NaN	NaN	-1	-1	1.412397
NaN	-6.18622325850055	NaN	NaN	-1	-1	1.414865
NaN	-6.1827841711004	NaN	NaN	-1	-1	1.415565
NaN	-6.1793471156579	NaN	NaN	-1	-1	1.418412
NaN	-6.17591208857559	NaN	NaN	-1	-1	1.418052
NaN	-6.17247908626661	NaN	NaN	-1	-1	1.418841
NaN	-6.1690481051547	NaN	NaN	-1	-1	1.421474
NaN	-6.16561914167407	NaN	NaN	-1	-1	1.422357
NaN	-6.16219219226943	NaN	NaN	-1	-1	1.422868
NaN	-6.15876725339591	NaN	NaN	-1	-1	1.423961
NaN	-6.15534432151902	NaN	NaN	-1	-1	1.425335
NaN	-6.15192339311462	NaN	NaN	-1	-1	1.427364
NaN	-6.14850446466888	NaN	NaN	-1	-1	1.429679
NaN	-6.14508753267822	NaN	NaN	-1	-1	1.430677
NaN	-6.14167259364928	NaN	NaN	-1	-1	1.432011
NaN	-6.13825964409886	NaN	NaN	-1	-1	1.43279
NaN	-6.13484868055393	NaN	NaN	-1	-1	1.435698
NaN	-6.13143969955152	NaN	NaN	-1	-1	1.436845
NaN	-6.12803269763872	NaN	NaN	-1	-1	1.439633
NaN	-6.12462767137265	NaN	NaN	-1	-1	1.440232
NaN	-6.12122461732037	NaN	NaN	-1	-1	1.44207
NaN	-6.1178235320589	NaN	NaN	-1	-1	1.444593
NaN	-6.11442441217514	NaN	NaN	-1	-1	1.445263
NaN	-6.11102725426582	NaN	NaN	-1	-1	1.446071
NaN	-6.10763205493751	NaN	NaN	-1	-1	1.447704
NaN	-6.10423881080653	NaN	NaN	-1	-1	1.449527
NaN	-6.10084751849895	NaN	NaN	-1	-1	1.452035
NaN	-6.09745817465052	NaN	NaN	-1	-1	1.454096
NaN	-6.09407077590664	NaN	NaN	-1	-1	1.455312
NaN	-6.09068531892234	NaN	NaN	-1	-1	1.456364
NaN	-6.08730180036221	NaN	NaN	-1	-1	1.457748
NaN	-6.08392021690038	NaN	NaN	-1	-1	1.460534
NaN	-6.0805405652205	NaN	NaN	-1	-1	1.462237
NaN	-6.07716284201566	NaN	NaN	-1	-1	1.46276
NaN	-6.07378704398838	NaN	NaN	-1	-1	1.463432
NaN	-6.07041316785056	NaN	NaN	-1	-1	1.466473
NaN	-6.06704121032347	NaN	NaN	-1	-1	1.467568
NaN	-6.06367116813767	NaN	NaN	-1	-1	1.468503
NaN	-6.060303038033	NaN	NaN	-1	-1	1.469565
NaN	-6.05693681675855	NaN	NaN	-1	-1	1.471752
NaN	-6.0535725010726	NaN	NaN	-1	-1	1.473773
NaN	-6.05021008774259	NaN	NaN	-1	-1	1.473902
NaN	-6.04684957354511	NaN	NaN	-1	-1	1.476882
NaN	-6.04349095526583	NaN	NaN	-1	-1	1.477144
NaN	-6.04013422969946	NaN	NaN	-1	-1	1.479657
NaN	-6.03677939364977	NaN	NaN	-1	-1	1.48027
NaN	-6.03342644392948	NaN	NaN	-1	-1	1.480108
NaN	-6.03007537736028	NaN	NaN	-1	-1	1.482079
NaN	-6.02672619077277	NaN	NaN	-1	-1	1.482478
NaN	-6.02337888100643	NaN	NaN	-1	-1	1.484262
NaN	-6.02003344490958	NaN	NaN	-1	-1	1.485165
NaN	-6.01668987933936	NaN	NaN	-1	-1	1.485687
NaN	-6.01334818116169	NaN	NaN	-1	-1	1.488432
NaN	-6.01000834725123	NaN	NaN	-1	-1	1.489072
NaN	-6.00667037449132	NaN	NaN	-1	-1	1.492075
NaN	-6.00333425977402	NaN	NaN	-1	-1	1.4922
NaN	-6	NaN	NaN	-1	-1	1.493552
NaN	-5.99666759207855	NaN	NaN	-1	-1	1.494821
NaN	-5.99333703292752	NaN	NaN	-1	-1	1.495452
NaN	-5.99000831947331	NaN	NaN	-1	-1	1.494846
NaN	-5.98668144865084	NaN	NaN	-1	-1	1.495146
NaN	-5.98335641740347	NaN	NaN	-1	-1	1.495937
NaN	-5.98003322268304	NaN	NaN	-1	-1	1.49565
NaN	-5.97671186144976	NaN	NaN	-1	-1	1.49697
NaN	-5.97339233067225	NaN	NaN	-1	-1	1.496962
NaN	-5.97007462732747	NaN	NaN	-1	-1	1.49904
NaN	-5.96675874840066	NaN	NaN	-1	-1	1.49985
NaN	-5.96344469088537	NaN	NaN	-1	-1	1.502747
NaN	-5.9601324517834	NaN	NaN	-1	-1	1.503121
NaN	-5.95682202810475	NaN	NaN	-1	-1	1.505829
NaN	-5.95351341686761	NaN	NaN	-1	-1	1.505836
NaN	-5.95020661509833	NaN	NaN	-1	-1	1.50672
NaN	-5.94690161983138	NaN	NaN	-1	-1	1.507072
NaN	-5.94359842810931	NaN	NaN	-1	-1	1.50799
NaN	-5.94029703698275	NaN	NaN	-1	-1	1.508465
NaN	-5.93699744351035	NaN	NaN	-1	-1	1.510866
NaN	-5.93369964475876	NaN	NaN	-1	-1	1.510263
NaN	-5.93040363780259	NaN	NaN	-1	-1	1.511572
NaN	-5.92710941972441	NaN	NaN	-1	-1	1.513508
NaN	-5.92381698761467	NaN	NaN	-1	-1	1.514963
NaN	-5.92052633857173	NaN	NaN	-1	-1	1.515335
NaN	-5.91723746970178	NaN	NaN	-1	-1	1.515954
NaN	-5.91395037811882	NaN	NaN	-1	-1	1.517303
NaN	-5.91066506094467	NaN	NaN	-1	-1	1.51833
NaN	-5.90738151530887	NaN	NaN	-1	-1	1.519418
NaN	-5.90409973834873	NaN	NaN	-1	-1	1.520569
NaN	-5.90081972720924	NaN	NaN	-1	-1	1.521654
NaN	-5.89754147904306	NaN	NaN	-1	-1	1.524126
NaN	-5.8942649910105	NaN	NaN	-1	-1	1.525549
NaN	-5.89099026027949	NaN	NaN	-1	-1	1.52796
NaN	-5.88771728402555	NaN	NaN	-1	-1	1.528946
NaN	-5.88444605943174	NaN	NaN	-1	-1	1.529832
NaN	-5.88117658368866	NaN	NaN	-1	-1	1.532793
NaN	-5.87790885399441	NaN	NaN	-1	-1	1.533131
NaN	-5.87464286755458	NaN	NaN	-1	-1	1.53477
NaN	-5.87137862158218	NaN	NaN	-1	-1	1.537192
NaN	-5.86811611329764	NaN	NaN	-1	-1	1.538282
NaN	-5.86485533992881	NaN	NaN	-1	-1	1.539227
NaN	-5.86159629871088	NaN	NaN	-1	-1	1.539992
NaN	-5.85833898688637	NaN	NaN	-1	-1	1.541209
NaN	-5.85508340170511	NaN	NaN	-1	-1	1.541942
NaN	-5.85182954042424	NaN	NaN	-1	-1	1.543732
NaN	-5.84857740030812	NaN	NaN	-1	-1	1.544496
NaN	-5.84532697862835	NaN	NaN	-1	-1	1.548195
NaN	-5.84207827266374	NaN	NaN	-1	-1	1.548702
NaN	-5.83883127970025	NaN	NaN	-1	-1	1.55102
NaN	-5.83558599703102	NaN	NaN	-1	-1	1.552296
NaN	-5.83234242195629	NaN	NaN	-1	-1	1.554145
NaN	-5.8291005517834	NaN	NaN	-1	-1	1.55686
NaN	-5.82586038382675	NaN	NaN	-1	-1	1.557922
NaN	-5.8226219154078	NaN	NaN	-1	-1	1.559172
NaN	-5.81938514385502	NaN	NaN	-1	-1	1.561241
NaN	-5.81615006650388	NaN	NaN	-1	-1	1.561043
NaN	-5.81291668069679	NaN	NaN	-1	-1	1.564186
NaN	-5.80968498378314	NaN	NaN	-1	-1	1.564557
NaN	-5.80645497311919	NaN	NaN	-1	-1	1.565114
NaN	-5.80322664606813	NaN	NaN	-1	-1	1.566302
NaN	-5.8	NaN	NaN	-1	-1	1.570302
NaN	-5.79677503229167	NaN	NaN	-1	-1	1.571681
NaN	-5.79355174032684	NaN	NaN	-1	-1	1.574301
NaN	-5.79033012149599	NaN	NaN	-1	-1	1.575429
NaN	-5.78711017319637	NaN	NaN	-1	-1	1.578154
NaN	-5.78389189283198	NaN	NaN	-1	-1	1.580672
NaN	-5.78067527781351	NaN	NaN	-1	-1	1.581867
NaN	-5.77746032555838	NaN	NaN	-1	-1	1.581899
NaN	-5.77424703349065	NaN	NaN	-1	-1	1.584645
NaN	-5.77103539904103	NaN	NaN	-1	-1	1.586282
NaN	-5.76782541964685	NaN	NaN	-1	-1	1.584365
NaN	-5.76461709275204	NaN	NaN	-1	-1	1.587495
NaN	-5.76141041580711	NaN	NaN	-1	-1	1.588323
NaN	-5.75820538626911	NaN	NaN	-1	-1	1.592914
NaN	-5.7550020016016	NaN	NaN	-1	-1	1.590961
NaN	-5.75180025927468	NaN	NaN	-1	-1	1.593242
NaN	-5.74860015676489	NaN	NaN	-1	-1	1.59505
NaN	-5.74540169155524	NaN	NaN	-1	-1	1.598389
NaN	-5.74220486113519	NaN	NaN	-1	-1	1.599798
NaN	-5.73900966300059	NaN	NaN	-1	-1	1.601602
NaN	-5.73581609465367	NaN	NaN	-1	-1	1.60134
NaN	-5.73262415360304	NaN	NaN	-1	-1	1.602253
NaN	-5.72943383736365	NaN	NaN	-1	-1	1.604305
NaN	-5.72624514345675	NaN	NaN	-1	-1	1.603355
NaN	-5.72305806940991	NaN	NaN	-1	-1	1.605268
NaN	-5.71987261275697	NaN	NaN	-1	-1	1.606903
NaN	-5.716688771038	NaN	NaN	-1	-1	1.606984
NaN	-5.71350654179932	NaN	NaN	-1	-1	1.609419
NaN	-5.71032592259344	NaN	NaN	-1	-1	1.611115
NaN	-5.70714691097909	NaN	NaN	-1	-1	1.61295
NaN	-5.70396950452112	NaN	NaN	-1	-1	1.61213
NaN	-5.70079370079055	NaN	NaN	-1	-1	1.614059
NaN	-5.69761949736451	NaN	NaN	-1	-1	1.614654
NaN	-5.69444689182622	NaN	NaN	-1	-1	1.617971
NaN	-5.691275881765	NaN	NaN	-1	-1	1.618568
NaN	-5.6881064647762	NaN	NaN	-1	-1	1.620356
NaN	-5.68493863846122	NaN	NaN	-1	-1	1.621027
NaN	-5.68177240042747	NaN	NaN	-1	-1	1.619663
NaN	-5.67860774828836	NaN	NaN	-1	-1	1.62157
NaN	-5.67544467966324	NaN	NaN	-1	-1	1.622555
NaN	NaN	NaN	NaN	NaN	NaN	1.624904
NaN	NaN	NaN	NaN	NaN	NaN	1.623034
NaN	NaN	NaN	NaN	NaN	NaN	1.624063
NaN	NaN	NaN	NaN	NaN	NaN	1.626602
NaN	NaN	NaN	NaN	NaN	NaN	1.627084
NaN	NaN	NaN	NaN	NaN	NaN	1.628414
NaN	NaN	NaN	NaN	NaN	NaN	1.631111
NaN	NaN	NaN	NaN	NaN	NaN	1.631925
NaN	NaN	NaN	NaN	NaN	NaN	1.633843
NaN	NaN	NaN	NaN	NaN	NaN	1.634835
NaN	NaN	NaN	NaN	NaN	NaN	1.636906
NaN	NaN	NaN	NaN	NaN	NaN	1.636499
NaN	NaN	NaN	NaN	NaN	NaN	1.636829
NaN	NaN	NaN	NaN	NaN	NaN	1.637524
NaN	NaN	NaN	NaN	NaN	NaN	1.639479
NaN	NaN	NaN	NaN	NaN	NaN	1.640388
NaN	NaN	NaN	NaN	NaN	NaN	1.641618
NaN	NaN	NaN	NaN	NaN	NaN	1.64303
NaN	NaN	NaN	NaN	NaN	NaN	1.642907
NaN	NaN	NaN	NaN	NaN	NaN	1.646714
NaN	NaN	NaN	NaN	NaN	NaN	1.647264
NaN	NaN	NaN	NaN	NaN	NaN	1.647117
NaN	NaN	NaN	NaN	NaN	NaN	1.649774
NaN	NaN	NaN	NaN	NaN	NaN	1.651085
NaN	NaN	NaN	NaN	NaN	NaN	1.652529
NaN	NaN	NaN	NaN	NaN	NaN	1.654006
NaN	NaN	NaN	NaN	NaN	NaN	1.654509
NaN	NaN	NaN	NaN	NaN	NaN	1.655911
NaN	NaN	NaN	NaN	NaN	NaN	1.65747
NaN	NaN	NaN	NaN	NaN	NaN	1.659562
NaN	NaN	NaN	NaN	NaN	NaN	1.660772
NaN	NaN	NaN	NaN	NaN	NaN	1.660412
NaN	NaN	NaN	NaN	NaN	NaN	1.663447
NaN	NaN	NaN	NaN	NaN	NaN	1.664772
NaN	NaN	NaN	NaN	NaN	NaN	1.666214
NaN	NaN	NaN	NaN	NaN	NaN	1.665995
NaN	NaN	NaN	NaN	NaN	NaN	1.6675
NaN	NaN	NaN	NaN	NaN	NaN	1.667602
NaN	NaN	NaN	NaN	NaN	NaN	1.66562
NaN	NaN	NaN	NaN	NaN	NaN	1.669428
NaN	NaN	NaN	NaN	NaN	NaN	1.671915
NaN	NaN	NaN	NaN	NaN	NaN	1.674398
NaN	NaN	NaN	NaN	NaN	NaN	1.674877
NaN	NaN	NaN	NaN	NaN	NaN	1.678441
NaN	NaN	NaN	NaN	NaN	NaN	1.678083
NaN	NaN	NaN	NaN	NaN	NaN	1.680244
NaN	NaN	NaN	NaN	NaN	NaN	1.682367
NaN	NaN	NaN	NaN	NaN	NaN	1.683212
NaN	NaN	NaN	NaN	NaN	NaN	1.683665
NaN	NaN	NaN	NaN	NaN	NaN	1.686703
NaN	NaN	NaN	NaN	NaN	NaN	1.686396
NaN	NaN	NaN	NaN	NaN	NaN	1.68915
NaN	NaN	NaN	NaN	NaN	NaN	1.689141
NaN	NaN	NaN	NaN	NaN	NaN	1.689341
NaN	NaN	NaN	NaN	NaN	NaN	1.691758
NaN	NaN	NaN	NaN	NaN	NaN	1.695103
NaN	NaN	NaN	NaN	NaN	NaN	1.696613
NaN	NaN	NaN	NaN	NaN	NaN	1.699256
NaN	NaN	NaN	NaN	NaN	NaN	1.701595
NaN	NaN	NaN	NaN	NaN	NaN	1.702088
NaN	NaN	NaN	NaN	NaN	NaN	1.702972
NaN	NaN	NaN	NaN	NaN	NaN	1.704164
NaN	NaN	NaN	NaN	NaN	NaN	1.706202
NaN	NaN	NaN	NaN	NaN	NaN	1.705222
NaN	NaN	NaN	NaN	NaN	NaN	1.707355
NaN	NaN	NaN	NaN	NaN	NaN	1.707942
NaN	NaN	NaN	NaN	NaN	NaN	1.709949
NaN	NaN	NaN	NaN	NaN	NaN	1.711209
NaN	NaN	NaN	NaN	NaN	NaN	1.714791
NaN	NaN	NaN	NaN	NaN	NaN	1.717315
NaN	NaN	NaN	NaN	NaN	NaN	1.718064
NaN	NaN	NaN	NaN	NaN	NaN	1.719175
NaN	NaN	NaN	NaN	NaN	NaN	1.720719
NaN	NaN	NaN	NaN	NaN	NaN	1.721781
NaN	NaN	NaN	NaN	NaN	NaN	1.721826
NaN	NaN	NaN	NaN	NaN	NaN	1.724691
NaN	NaN	NaN	NaN	NaN	NaN	1.725224
NaN	NaN	NaN	NaN	NaN	NaN	1.726316
NaN	NaN	NaN	NaN	NaN	NaN	1.727024
NaN	NaN	NaN	NaN	NaN	NaN	1.72865
NaN	NaN	NaN	NaN	NaN	NaN	1.731176
NaN	NaN	NaN	NaN	NaN	NaN	1.731032
NaN	NaN	NaN	NaN	NaN	NaN	1.732791
NaN	NaN	NaN	NaN	NaN	NaN	1.734222
NaN	NaN	NaN	NaN	NaN	NaN	1.736813
NaN	NaN	NaN	NaN	NaN	NaN	1.73728
NaN	NaN	NaN	NaN	NaN	NaN	1.740043
NaN	NaN	NaN	NaN	NaN	NaN	1.741614
NaN	NaN	NaN	NaN	NaN	NaN	1.741759
NaN	NaN	NaN	NaN	NaN	NaN	1.744624
NaN	NaN	NaN	NaN	NaN	NaN	1.745648
NaN	NaN	NaN	NaN	NaN	NaN	1.74618
NaN	NaN	NaN	NaN	NaN	NaN	1.746015
NaN	NaN	NaN	NaN	NaN	NaN	1.747493
NaN	NaN	NaN	NaN	NaN	NaN	1.747045
NaN	NaN	NaN	NaN	NaN	NaN	1.748107
NaN	NaN	NaN	NaN	NaN	NaN	1.747861
NaN	NaN	NaN	NaN	NaN	NaN	1.751003
NaN	NaN	NaN	NaN	NaN	NaN	1.750323
NaN	NaN	NaN	NaN	NaN	NaN	1.751691
NaN	NaN	NaN	NaN	NaN	NaN	1.751407
NaN	NaN	NaN	NaN	NaN	NaN	1.752919
NaN	NaN	NaN	NaN	NaN	NaN	1.753694
NaN	NaN	NaN	NaN	NaN	NaN	1.756115
NaN	NaN	NaN	NaN	NaN	NaN	1.756372
NaN	NaN	NaN	NaN	NaN	NaN	1.755172
NaN	NaN	NaN	NaN	NaN	NaN	1.758124
NaN	NaN	NaN	NaN	NaN	NaN	1.75956
NaN	NaN	NaN	NaN	NaN	NaN	1.759492
NaN	NaN	NaN	NaN	NaN	NaN	1.761443
NaN	NaN	NaN	NaN	NaN	NaN	1.761268
NaN	NaN	NaN	NaN	NaN	NaN	1.763631
NaN	NaN	NaN	NaN	NaN	NaN	1.764785
NaN	NaN	NaN	NaN	NaN	NaN	1.765542
NaN	NaN	NaN	NaN	NaN	NaN	1.764929
NaN	NaN	NaN	NaN	NaN	NaN	1.76668
NaN	NaN	NaN	NaN	NaN	NaN	1.768948
NaN	NaN	NaN	NaN	NaN	NaN	1.771198
NaN	NaN	NaN	NaN	NaN	NaN	1.771054
NaN	NaN	NaN	NaN	NaN	NaN	1.771161
NaN	NaN	NaN	NaN	NaN	NaN	1.773724
NaN	NaN	NaN	NaN	NaN	NaN	1.775874
NaN	NaN	NaN	NaN	NaN	NaN	1.774516
NaN	NaN	NaN	NaN	NaN	NaN	1.77699
NaN	NaN	NaN	NaN	NaN	NaN	1.777415
NaN	NaN	NaN	NaN	NaN	NaN	1.780908
NaN	NaN	NaN	NaN	NaN	NaN	1.783191
NaN	NaN	NaN	NaN	NaN	NaN	1.783309
NaN	NaN	NaN	NaN	NaN	NaN	1.785986
NaN	NaN	NaN	NaN	NaN	NaN	1.786718
NaN	NaN	NaN	NaN	NaN	NaN	1.787552
NaN	NaN	NaN	NaN	NaN	NaN	1.790039
NaN	NaN	NaN	NaN	NaN	NaN	1.791469
NaN	NaN	NaN	NaN	NaN	NaN	1.791494
NaN	NaN	NaN	NaN	NaN	NaN	1.794995
NaN	NaN	NaN	NaN	NaN	NaN	1.795545
NaN	NaN	NaN	NaN	NaN	NaN	1.796276
NaN	NaN	NaN	NaN	NaN	NaN	1.798228
NaN	NaN	NaN	NaN	NaN	NaN	1.800919
NaN	NaN	NaN	NaN	NaN	NaN	1.801188
NaN	NaN	NaN	NaN	NaN	NaN	1.803293
NaN	NaN	NaN	NaN	NaN	NaN	1.801924
NaN	NaN	NaN	NaN	NaN	NaN	1.805515
NaN	NaN	NaN	NaN	NaN	NaN	1.805349
NaN	NaN	NaN	NaN	NaN	NaN	1.806726
NaN	NaN	NaN	NaN	NaN	NaN	1.810238
NaN	NaN	NaN	NaN	NaN	NaN	1.811516
NaN	NaN	NaN	NaN	NaN	NaN	1.815282
NaN	NaN	NaN	NaN	NaN	NaN	1.817499
NaN	NaN	NaN	NaN	NaN	NaN	1.818443
NaN	NaN	NaN	NaN	NaN	NaN	1.819178
NaN	NaN	NaN	NaN	NaN	NaN	1.81974
NaN	NaN	NaN	NaN	NaN	NaN	1.82023
NaN	NaN	NaN	NaN	NaN	NaN	1.821196
NaN	NaN	NaN	NaN	NaN	NaN	1.821995
NaN	NaN	NaN	NaN	NaN	NaN	1.823941
NaN	NaN	NaN	NaN	NaN	NaN	1.82657
NaN	NaN	NaN	NaN	NaN	NaN	1.826644
NaN	NaN	NaN	NaN	NaN	NaN	1.829269
NaN	NaN	NaN	NaN	NaN	NaN	1.830623
NaN	NaN	NaN	NaN	NaN	NaN	1.831822
NaN	NaN	NaN	NaN	NaN	NaN	1.833308
NaN	NaN	NaN	NaN	NaN	NaN	1.836692
NaN	NaN	NaN	NaN	NaN	NaN	1.836508
NaN	NaN	NaN	NaN	NaN	NaN	1.838834
NaN	NaN	NaN	NaN	NaN	NaN	1.838147
NaN	NaN	NaN	NaN	NaN	NaN	1.839401
NaN	NaN	NaN	NaN	NaN	NaN	1.839662
NaN	NaN	NaN	NaN	NaN	NaN	1.842718
NaN	NaN	NaN	NaN	NaN	NaN	1.843744
NaN	NaN	NaN	NaN	NaN	NaN	1.845558
NaN	NaN	NaN	NaN	NaN	NaN	1.847341
NaN	NaN	NaN	NaN	NaN	NaN	1.847608
NaN	NaN	NaN	NaN	NaN	NaN	1.850063
NaN	NaN	NaN	NaN	NaN	NaN	1.84992
NaN	NaN	NaN	NaN	NaN	NaN	1.852045
NaN	NaN	NaN	NaN	NaN	NaN	1.851703
NaN	NaN	NaN	NaN	NaN	NaN	1.851053
NaN	NaN	NaN	NaN	NaN	NaN	1.854417
NaN	NaN	NaN	NaN	NaN	NaN	1.856699
NaN	NaN	NaN	NaN	NaN	NaN	1.85995
NaN	NaN	NaN	NaN	NaN	NaN	1.86031
NaN	NaN	NaN	NaN	NaN	NaN	1.862064
NaN	NaN	NaN	NaN	NaN	NaN	1.86535
NaN	NaN	NaN	NaN	NaN	NaN	1.865567
NaN	NaN	NaN	NaN	NaN	NaN	1.867765
NaN	NaN	NaN	NaN	NaN	NaN	1.867802
NaN	NaN	NaN	NaN	NaN	NaN	1.869868
NaN	NaN	NaN	NaN	NaN	NaN	1.868753
NaN	NaN	NaN	NaN	NaN	NaN	1.868884
NaN	NaN	NaN	NaN	NaN	NaN	1.870045
NaN	NaN	NaN	NaN	NaN	NaN	1.871849
NaN	NaN	NaN	NaN	NaN	NaN	1.869505
NaN	NaN	NaN	NaN	NaN	NaN	1.874534
NaN	NaN	NaN	NaN	NaN	NaN	1.876311
NaN	NaN	NaN	NaN	NaN	NaN	1.876364
NaN	NaN	NaN	NaN	NaN	NaN	1.877789
NaN	NaN	NaN	NaN	NaN	NaN	1.879588
NaN	NaN	NaN	NaN	NaN	NaN	1.881366
NaN	NaN	NaN	NaN	NaN	NaN	1.882239
NaN	NaN	NaN	NaN	NaN	NaN	1.884179
NaN	NaN	NaN	NaN	NaN	NaN	1.885818
NaN	NaN	NaN	NaN	NaN	NaN	1.887591
NaN	NaN	NaN	NaN	NaN	NaN	1.885983
NaN	NaN	NaN	NaN	NaN	NaN	1.886652
NaN	NaN	NaN	NaN	NaN	NaN	1.88736
NaN	NaN	NaN	NaN	NaN	NaN	1.889441
NaN	NaN	NaN	NaN	NaN	NaN	1.889471
NaN	NaN	NaN	NaN	NaN	NaN	1.891633
NaN	NaN	NaN	NaN	NaN	NaN	1.892883
NaN	NaN	NaN	NaN	NaN	NaN	1.895899
NaN	NaN	NaN	NaN	NaN	NaN	1.898558
NaN	NaN	NaN	NaN	NaN	NaN	1.899075
NaN	NaN	NaN	NaN	NaN	NaN	1.899854
NaN	NaN	NaN	NaN	NaN	NaN	1.900984
NaN	NaN	NaN	NaN	NaN	NaN	1.901207
NaN	NaN	NaN	NaN	NaN	NaN	1.903624
NaN	NaN	NaN	NaN	NaN	NaN	1.904956
NaN	NaN	NaN	NaN	NaN	NaN	1.906818
NaN	NaN	NaN	NaN	NaN	NaN	1.907976
NaN	NaN	NaN	NaN	NaN	NaN	1.909109
NaN	NaN	NaN	NaN	NaN	NaN	1.909339
NaN	NaN	NaN	NaN	NaN	NaN	1.9104
NaN	NaN	NaN	NaN	NaN	NaN	1.912313
NaN	NaN	NaN	NaN	NaN	NaN	1.913187
NaN	NaN	NaN	NaN	NaN	NaN	1.91303
NaN	NaN	NaN	NaN	NaN	NaN	1.915994
NaN	NaN	NaN	NaN	NaN	NaN	1.918306
NaN	NaN	NaN	NaN	NaN	NaN	1.920607
NaN	NaN	NaN	NaN	NaN	NaN	1.920942
NaN	NaN	NaN	NaN	NaN	NaN	1.921271
NaN	NaN	NaN	NaN	NaN	NaN	1.924897
NaN	NaN	NaN	NaN	NaN	NaN	1.925788
NaN	NaN	NaN	NaN	NaN	NaN	1.926254
NaN	NaN	NaN	NaN	NaN	NaN	1.927986
NaN	NaN	NaN	NaN	NaN	NaN	1.929874
NaN	NaN	NaN	NaN	NaN	NaN	1.930658
NaN	NaN	NaN	NaN	NaN	NaN	1.931665
NaN	NaN	NaN	NaN	NaN	NaN	1.932521
NaN	NaN	NaN	NaN	NaN	NaN	1.934699
NaN	NaN	NaN	NaN	NaN	NaN	1.936053
NaN	NaN	NaN	NaN	NaN	NaN	1.938175
NaN	NaN	NaN	NaN	NaN	NaN	1.939883
NaN	NaN	NaN	NaN	NaN	NaN	1.942722
NaN	NaN	NaN	NaN	NaN	NaN	1.945361
NaN	NaN	NaN	NaN	NaN	NaN	1.947552
NaN	NaN	NaN	NaN	NaN	NaN	1.949595
NaN	NaN	NaN	NaN	NaN	NaN	1.948647
NaN	NaN	NaN	NaN	NaN	NaN	1.949127
NaN	NaN	NaN	NaN	NaN	NaN	1.950011
NaN	NaN	NaN	NaN	NaN	NaN	1.951576
NaN	NaN	NaN	NaN	NaN	NaN	1.954799
NaN	NaN	NaN	NaN	NaN	NaN	1.956513
NaN	NaN	NaN	NaN	NaN	NaN	1.957508
NaN	NaN	NaN	NaN	NaN	NaN	1.958806
NaN	NaN	NaN	NaN	NaN	NaN	1.960143
NaN	NaN	NaN	NaN	NaN	NaN	1.963585
NaN	NaN	NaN	NaN	NaN	NaN	1.964657
NaN	NaN	NaN	NaN	NaN	NaN	1.967099
NaN	NaN	NaN	NaN	NaN	NaN	1.968199
NaN	NaN	NaN	NaN	NaN	NaN	1.968249
NaN	NaN	NaN	NaN	NaN	NaN	1.970155
NaN	NaN	NaN	NaN	NaN	NaN	1.971232
NaN	NaN	NaN	NaN	NaN	NaN	1.971955
NaN	NaN	NaN	NaN	NaN	NaN	1.973019
NaN	NaN	NaN	NaN	NaN	NaN	1.97544
NaN	NaN	NaN	NaN	NaN	NaN	1.975023
NaN	NaN	NaN	NaN	NaN	NaN	1.976139
NaN	NaN	NaN	NaN	NaN	NaN	1.977934
NaN	NaN	NaN	NaN	NaN	NaN	1.97867
NaN	NaN	NaN	NaN	NaN	NaN	1.981491
NaN	NaN	NaN	NaN	NaN	NaN	1.984333
NaN	NaN	NaN	NaN	NaN	NaN	1.985403
NaN	NaN	NaN	NaN	NaN	NaN	1.987203
NaN	NaN	NaN	NaN	NaN	NaN	1.989334
NaN	NaN	NaN	NaN	NaN	NaN	1.98973
NaN	NaN	NaN	NaN	NaN	NaN	1.988922
NaN	NaN	NaN	NaN	NaN	NaN	1.990336
NaN	NaN	NaN	NaN	NaN	NaN	1.99163
NaN	NaN	NaN	NaN	NaN	NaN	1.993117
NaN	NaN	NaN	NaN	NaN	NaN	1.994596
NaN	NaN	NaN	NaN	NaN	NaN	1.996491
NaN	NaN	NaN	NaN	NaN	NaN	1.997109
NaN	NaN	NaN	NaN	NaN	NaN	1.997571
NaN	NaN	NaN	NaN	NaN	NaN	1.999984
NaN	NaN	NaN	NaN	NaN	NaN	2.001206
NaN	NaN	NaN	NaN	NaN	NaN	2.004206
NaN	NaN	NaN	NaN	NaN	NaN	2.004452
NaN	NaN	NaN	NaN	NaN	NaN	2.004332
NaN	NaN	NaN	NaN	NaN	NaN	2.005034
NaN	NaN	NaN	NaN	NaN	NaN	2.0062
NaN	NaN	NaN	NaN	NaN	NaN	2.008182
NaN	NaN	NaN	NaN	NaN	NaN	2.008185
NaN	NaN	NaN	NaN	NaN	NaN	2.00961
NaN	NaN	NaN	NaN	NaN	NaN	2.012525
NaN	NaN	NaN	NaN	NaN	NaN	2.014791
NaN	NaN	NaN	NaN	NaN	NaN	2.017021
NaN	NaN	NaN	NaN	NaN	NaN	2.019938
NaN	NaN	NaN	NaN	NaN	NaN	2.020549
NaN	NaN	NaN	NaN	NaN	NaN	2.023863
NaN	NaN	NaN	NaN	NaN	NaN	2.02663
NaN	NaN	NaN	NaN	NaN	NaN	2.026757
NaN	NaN	NaN	NaN	NaN	NaN	2.029391
NaN	NaN	NaN	NaN	NaN	NaN	2.026888
NaN	NaN	NaN	NaN	NaN	NaN	2.028615
NaN	NaN	NaN	NaN	NaN	NaN	2.029617
NaN	NaN	NaN	NaN	NaN	NaN	2.031597
NaN	NaN	NaN	NaN	NaN	NaN	2.035747
NaN	NaN	NaN	NaN	NaN	NaN	2.035904
NaN	NaN	NaN	NaN	NaN	NaN	2.038016
NaN	NaN	NaN	NaN	NaN	NaN	2.039887
NaN	NaN	NaN	NaN	NaN	NaN	2.043035
NaN	NaN	NaN	NaN	NaN	NaN	2.044069
NaN	NaN	NaN	NaN	NaN	NaN	2.047585
NaN	NaN	NaN	NaN	NaN	NaN	2.048918
NaN	NaN	NaN	NaN	NaN	NaN	2.048852
NaN	NaN	NaN	NaN	NaN	NaN	2.049392
NaN	NaN	NaN	NaN	NaN	NaN	2.049796
NaN	NaN	NaN	NaN	NaN	NaN	2.050127
NaN	NaN	NaN	NaN	NaN	NaN	2.053061
NaN	NaN	NaN	NaN	NaN	NaN	2.054497
NaN	NaN	NaN	NaN	NaN	NaN	2.057261
NaN	NaN	NaN	NaN	NaN	NaN	2.058695
NaN	NaN	NaN	NaN	NaN	NaN	2.060129
NaN	NaN	NaN	NaN	NaN	NaN	2.063014
NaN	NaN	NaN	NaN	NaN	NaN	2.065822
NaN	NaN	NaN	NaN	NaN	NaN	2.067679
NaN	NaN	NaN	NaN	NaN	NaN	2.068349
NaN	NaN	NaN	NaN	NaN	NaN	2.068612
NaN	NaN	NaN	NaN	NaN	NaN	2.069835
NaN	NaN	NaN	NaN	NaN	NaN	2.069976
NaN	NaN	NaN	NaN	NaN	NaN	2.072392
NaN	NaN	NaN	NaN	NaN	NaN	2.071903
NaN	NaN	NaN	NaN	NaN	NaN	2.073261
NaN	NaN	NaN	NaN	NaN	NaN	2.076951
NaN	NaN	NaN	NaN	NaN	NaN	2.077155
NaN	NaN	NaN	NaN	NaN	NaN	2.077837
NaN	NaN	NaN	NaN	NaN	NaN	2.079628
NaN	NaN	NaN	NaN	NaN	NaN	2.080542
NaN	NaN	NaN	NaN	NaN	NaN	2.08458
NaN	NaN	NaN	NaN	NaN	NaN	2.085634
NaN	NaN	NaN	NaN	NaN	NaN	2.089097
NaN	NaN	NaN	NaN	NaN	NaN	2.08891
NaN	NaN	NaN	NaN	NaN	NaN	2.087761
NaN	NaN	NaN	NaN	NaN	NaN	2.08997
NaN	NaN	NaN	NaN	NaN	NaN	2.090825
NaN	NaN	NaN	NaN	NaN	NaN	2.089935
NaN	NaN	NaN	NaN	NaN	NaN	2.091109
NaN	NaN	NaN	NaN	NaN	NaN	2.092222
NaN	NaN	NaN	NaN	NaN	NaN	2.094119
NaN	NaN	NaN	NaN	NaN	NaN	2.095785
NaN	NaN	NaN	NaN	NaN	NaN	2.096509
NaN	NaN	NaN	NaN	NaN	NaN	2.099612
NaN	NaN	NaN	NaN	NaN	NaN	2.100059
NaN	NaN	NaN	NaN	NaN	NaN	2.099898
NaN	NaN	NaN	NaN	NaN	NaN	2.10047
NaN	NaN	NaN	NaN	NaN	NaN	2.103359
NaN	NaN	NaN	NaN	NaN	NaN	2.106217
NaN	NaN	NaN	NaN	NaN	NaN	2.106861
NaN	NaN	NaN	NaN	NaN	NaN	2.106256
NaN	NaN	NaN	NaN	NaN	NaN	2.105608
NaN	NaN	NaN	NaN	NaN	NaN	2.107204
NaN	NaN	NaN	NaN	NaN	NaN	2.107716
NaN	NaN	NaN	NaN	NaN	NaN	2.108603
NaN	NaN	NaN	NaN	NaN	NaN	2.109725
NaN	NaN	NaN	NaN	NaN	NaN	2.111019
NaN	NaN	NaN	NaN	NaN	NaN	2.112087
NaN	NaN	NaN	NaN	NaN	NaN	2.112757
NaN	NaN	NaN	NaN	NaN	NaN	2.113632
NaN	NaN	NaN	NaN	NaN	NaN	2.114807
NaN	NaN	NaN	NaN	NaN	NaN	2.117655
NaN	NaN	NaN	NaN	NaN	NaN	2.118758
NaN	NaN	NaN	NaN	NaN	NaN	2.120904
NaN	NaN	NaN	NaN	NaN	NaN	2.121598
NaN	NaN	NaN	NaN	NaN	NaN	2.12151
NaN	NaN	NaN	NaN	NaN	NaN	2.123017
NaN	NaN	NaN	NaN	NaN	NaN	2.123482
NaN	NaN	NaN	NaN	NaN	NaN	2.125986
NaN	NaN	NaN	NaN	NaN	NaN	2.126992
NaN	NaN	NaN	NaN	NaN	NaN	2.129585
NaN	NaN	NaN	NaN	NaN	NaN	2.130061
NaN	NaN	NaN	NaN	NaN	NaN	2.131853
NaN	NaN	NaN	NaN	NaN	NaN	2.130149
NaN	NaN	NaN	NaN	NaN	NaN	2.133337
NaN	NaN	NaN	NaN	NaN	NaN	2.136097
NaN	NaN	NaN	NaN	NaN	NaN	2.138179
NaN	NaN	NaN	NaN	NaN	NaN	2.138378
NaN	NaN	NaN	NaN	NaN	NaN	2.14253
NaN	NaN	NaN	NaN	NaN	NaN	2.146235
NaN	NaN	NaN	NaN	NaN	NaN	2.148411
NaN	NaN	NaN	NaN	NaN	NaN	2.148816
NaN	NaN	NaN	NaN	NaN	NaN	2.151973
NaN	NaN	NaN	NaN	NaN	NaN	2.153137
NaN	NaN	NaN	NaN	NaN	NaN	2.15467
NaN	NaN	NaN	NaN	NaN	NaN	2.155367
NaN	NaN	NaN	NaN	NaN	NaN	2.155508
NaN	NaN	NaN	NaN	NaN	NaN	2.159509
NaN	NaN	NaN	NaN	NaN	NaN	2.15959
NaN	NaN	NaN	NaN	NaN	NaN	2.163869
NaN	NaN	NaN	NaN	NaN	NaN	2.166727
NaN	NaN	NaN	NaN	NaN	NaN	2.169941
NaN	NaN	NaN	NaN	NaN	NaN	2.173593
NaN	NaN	NaN	NaN	NaN	NaN	2.177701
NaN	NaN	NaN	NaN	NaN	NaN	2.181697
NaN	NaN	NaN	NaN	NaN	NaN	2.184415
NaN	NaN	NaN	NaN	NaN	NaN	2.185198
NaN	NaN	NaN	NaN	NaN	NaN	2.187127
NaN	NaN	NaN	NaN	NaN	NaN	2.187819
NaN	NaN	NaN	NaN	NaN	NaN	2.187873
NaN	NaN	NaN	NaN	NaN	NaN	2.190802
NaN	NaN	NaN	NaN	NaN	NaN	2.190554
NaN	NaN	NaN	NaN	NaN	NaN	2.192302
NaN	NaN	NaN	NaN	NaN	NaN	2.19308
NaN	NaN	NaN	NaN	NaN	NaN	2.197405
NaN	NaN	NaN	NaN	NaN	NaN	2.20059
NaN	NaN	NaN	NaN	NaN	NaN	2.205195
NaN	NaN	NaN	NaN	NaN	NaN	2.209495
NaN	NaN	NaN	NaN	NaN	NaN	2.214167
NaN	NaN	NaN	NaN	NaN	NaN	2.218173
NaN	NaN	NaN	NaN	NaN	NaN	2.219076
NaN	NaN	NaN	NaN	NaN	NaN	2.218199
NaN	NaN	NaN	NaN	NaN	NaN	2.218461
NaN	NaN	NaN	NaN	NaN	NaN	2.218702
NaN	NaN	NaN	NaN	NaN	NaN	2.217129
NaN	NaN	NaN	NaN	NaN	NaN	2.219127
NaN	NaN	NaN	NaN	NaN	NaN	2.219209
NaN	NaN	NaN	NaN	NaN	NaN	2.221601
NaN	NaN	NaN	NaN	NaN	NaN	2.225699
NaN	NaN	NaN	NaN	NaN	NaN	2.228494
NaN	NaN	NaN	NaN	NaN	NaN	2.232073
NaN	NaN	NaN	NaN	NaN	NaN	2.23509
NaN	NaN	NaN	NaN	NaN	NaN	2.236917
NaN	NaN	NaN	NaN	NaN	NaN	2.237303
NaN	NaN	NaN	NaN	NaN	NaN	2.239561
NaN	NaN	NaN	NaN	NaN	NaN	2.23797
NaN	NaN	NaN	NaN	NaN	NaN	2.23686
NaN	NaN	NaN	NaN	NaN	NaN	2.234876
NaN	NaN	NaN	NaN	NaN	NaN	2.234365
NaN	NaN	NaN	NaN	NaN	NaN	2.234394
NaN	NaN	NaN	NaN	NaN	NaN	2.235157
NaN	NaN	NaN	NaN	NaN	NaN	2.234557
NaN	NaN	NaN	NaN	NaN	NaN	2.23793
NaN	NaN	NaN	NaN	NaN	NaN	2.23897
NaN	NaN	NaN	NaN	NaN	NaN	2.241184
NaN	NaN	NaN	NaN	NaN	NaN	2.241725
NaN	NaN	NaN	NaN	NaN	NaN	2.24403
NaN	NaN	NaN	NaN	NaN	NaN	2.243084
NaN	NaN	NaN	NaN	NaN	NaN	2.24403
NaN	NaN	NaN	NaN	NaN	NaN	2.24247
NaN	NaN	NaN	NaN	NaN	NaN	2.240605
NaN	NaN	NaN	NaN	NaN	NaN	2.241868
NaN	NaN	NaN	NaN	NaN	NaN	2.240778
NaN	NaN	NaN	NaN	NaN	NaN	2.240136
NaN	NaN	NaN	NaN	NaN	NaN	2.241411
NaN	NaN	NaN	NaN	NaN	NaN	2.243057
NaN	NaN	NaN	NaN	NaN	NaN	2.243946
NaN	NaN	NaN	NaN	NaN	NaN	2.247359
NaN	NaN	NaN	NaN	NaN	NaN	2.248128
NaN	NaN	NaN	NaN	NaN	NaN	2.24824
NaN	NaN	NaN	NaN	NaN	NaN	2.249523
NaN	NaN	NaN	NaN	NaN	NaN	2.249679
NaN	NaN	NaN	NaN	NaN	NaN	2.249313
NaN	NaN	NaN	NaN	NaN	NaN	2.248474
NaN	NaN	NaN	NaN	NaN	NaN	2.248209
NaN	NaN	NaN	NaN	NaN	NaN	2.248136
NaN	NaN	NaN	NaN	NaN	NaN	2.249221
NaN	NaN	NaN	NaN	NaN	NaN	2.250798
NaN	NaN	NaN	NaN	NaN	NaN	2.25333
NaN	NaN	NaN	NaN	NaN	NaN	2.25603
NaN	NaN	NaN	NaN	NaN	NaN	2.257399
NaN	NaN	NaN	NaN	NaN	NaN	2.258926
NaN	NaN	NaN	NaN	NaN	NaN	2.261103
NaN	NaN	NaN	NaN	NaN	NaN	2.26242
NaN	NaN	NaN	NaN	NaN	NaN	2.263315
NaN	NaN	NaN	NaN	NaN	NaN	2.265846
NaN	NaN	NaN	NaN	NaN	NaN	2.267091
NaN	NaN	NaN	NaN	NaN	NaN	2.269865
NaN	NaN	NaN	NaN	NaN	NaN	2.272282
NaN	NaN	NaN	NaN	NaN	NaN	2.27425
NaN	NaN	NaN	NaN	NaN	NaN	2.275922
NaN	NaN	NaN	NaN	NaN	NaN	2.277714
NaN	NaN	NaN	NaN	NaN	NaN	2.28028
NaN	NaN	NaN	NaN	NaN	NaN	2.281706
NaN	NaN	NaN	NaN	NaN	NaN	2.284268
NaN	NaN	NaN	NaN	NaN	NaN	2.288208
NaN	NaN	NaN	NaN	NaN	NaN	2.291147
NaN	NaN	NaN	NaN	NaN	NaN	2.294414
NaN	NaN	NaN	NaN	NaN	NaN	2.296808
NaN	NaN	NaN	NaN	NaN	NaN	2.300422
NaN	NaN	NaN	NaN	NaN	NaN	2.30376
NaN	NaN	NaN	NaN	NaN	NaN	2.306206
NaN	NaN	NaN	NaN	NaN	NaN	2.308809
NaN	NaN	NaN	NaN	NaN	NaN	2.310439
NaN	NaN	NaN	NaN	NaN	NaN	2.312919
NaN	NaN	NaN	NaN	NaN	NaN	2.315043
NaN	NaN	NaN	NaN	NaN	NaN	2.317009
NaN	NaN	NaN	NaN	NaN	NaN	2.322172
NaN	NaN	NaN	NaN	NaN	NaN	2.325233
NaN	NaN	NaN	NaN	NaN	NaN	2.328452
NaN	NaN	NaN	NaN	NaN	NaN	2.331773
NaN	NaN	NaN	NaN	NaN	NaN	2.332981
NaN	NaN	NaN	NaN	NaN	NaN	2.337879
NaN	NaN	NaN	NaN	NaN	NaN	2.339863
NaN	NaN	NaN	NaN	NaN	NaN	2.343149
NaN	NaN	NaN	NaN	NaN	NaN	2.344833
NaN	NaN	NaN	NaN	NaN	NaN	2.347073
NaN	NaN	NaN	NaN	NaN	NaN	2.347579
NaN	NaN	NaN	NaN	NaN	NaN	2.349233
NaN	NaN	NaN	NaN	NaN	NaN	2.351084
NaN	NaN	NaN	NaN	NaN	NaN	2.352511
NaN	NaN	NaN	NaN	NaN	NaN	2.354607
NaN	NaN	NaN	NaN	NaN	NaN	2.357005
NaN	NaN	NaN	NaN	NaN	NaN	2.359958
NaN	NaN	NaN	NaN	NaN	NaN	2.362178
NaN	NaN	NaN	NaN	NaN	NaN	2.364704
NaN	NaN	NaN	NaN	NaN	NaN	2.366605
NaN	NaN	NaN	NaN	NaN	NaN	2.366806
NaN	NaN	NaN	NaN	NaN	NaN	2.367493
NaN	NaN	NaN	NaN	NaN	NaN	2.368561
NaN	NaN	NaN	NaN	NaN	NaN	2.36624
NaN	NaN	NaN	NaN	NaN	NaN	2.366644
NaN	NaN	NaN	NaN	NaN	NaN	2.368097
NaN	NaN	NaN	NaN	NaN	NaN	2.369729
NaN	NaN	NaN	NaN	NaN	NaN	2.370139
NaN	NaN	NaN	NaN	NaN	NaN	2.371594
NaN	NaN	NaN	NaN	NaN	NaN	2.373364
NaN	NaN	NaN	NaN	NaN	NaN	2.375894
NaN	NaN	NaN	NaN	NaN	NaN	2.375851
NaN	NaN	NaN	NaN	NaN	NaN	2.375305
NaN	NaN	NaN	NaN	NaN	NaN	2.375277
NaN	NaN	NaN	NaN	NaN	NaN	2.374553
NaN	NaN	NaN	NaN	NaN	NaN	2.374241
NaN	NaN	NaN	NaN	NaN	NaN	2.372106
NaN	NaN	NaN	NaN	NaN	NaN	2.371902
NaN	NaN	NaN	NaN	NaN	NaN	2.37127
NaN	NaN	NaN	NaN	NaN	NaN	2.371933
NaN	NaN	NaN	NaN	NaN	NaN	2.372278
NaN	NaN	NaN	NaN	NaN	NaN	2.373759
NaN	NaN	NaN	NaN	NaN	NaN	2.373356
NaN	NaN	NaN	NaN	NaN	NaN	2.376586
NaN	NaN	NaN	NaN	NaN	NaN	2.375995
NaN	NaN	NaN	NaN	NaN	NaN	2.376573
NaN	NaN	NaN	NaN	NaN	NaN	2.37516
NaN	NaN	NaN	NaN	NaN	NaN	2.375208
NaN	NaN	NaN	NaN	NaN	NaN	2.374068
NaN	NaN	NaN	NaN	NaN	NaN	2.373664
NaN	NaN	NaN	NaN	NaN	NaN	2.375662
NaN	NaN	NaN	NaN	NaN	NaN	2.374757
NaN	NaN	NaN	NaN	NaN	NaN	2.3742
NaN	NaN	NaN	NaN	NaN	NaN	2.376198
NaN	NaN	NaN	NaN	NaN	NaN	2.37708
NaN	NaN	NaN	NaN	NaN	NaN	2.378077
NaN	NaN	NaN	NaN	NaN	NaN	2.378176
NaN	NaN	NaN	NaN	NaN	NaN	2.377663
NaN	NaN	NaN	NaN	NaN	NaN	2.377513
NaN	NaN	NaN	NaN	NaN	NaN	2.378809
NaN	NaN	NaN	NaN	NaN	NaN	2.380193
NaN	NaN	NaN	NaN	NaN	NaN	2.381336
NaN	NaN	NaN	NaN	NaN	NaN	2.383061
NaN	NaN	NaN	NaN	NaN	NaN	2.385627
NaN	NaN	NaN	NaN	NaN	NaN	2.387361
NaN	NaN	NaN	NaN	NaN	NaN	2.389531
NaN	NaN	NaN	NaN	NaN	NaN	2.392262
NaN	NaN	NaN	NaN	NaN	NaN	2.392958
NaN	NaN	NaN	NaN	NaN	NaN	2.393359
NaN	NaN	NaN	NaN	NaN	NaN	2.393136
NaN	NaN	NaN	NaN	NaN	NaN	2.394275
NaN	NaN	NaN	NaN	NaN	NaN	2.395561
NaN	NaN	NaN	NaN	NaN	NaN	2.39712
NaN	NaN	NaN	NaN	NaN	NaN	2.398642
NaN	NaN	NaN	NaN	NaN	NaN	2.401695
NaN	NaN	NaN	NaN	NaN	NaN	2.4037
NaN	NaN	NaN	NaN	NaN	NaN	2.408328
NaN	NaN	NaN	NaN	NaN	NaN	2.412955
NaN	NaN	NaN	NaN	NaN	NaN	2.416885
NaN	NaN	NaN	NaN	NaN	NaN	2.420938
NaN	NaN	NaN	NaN	NaN	NaN	2.422417
NaN	NaN	NaN	NaN	NaN	NaN	2.424781
NaN	NaN	NaN	NaN	NaN	NaN	2.424809
NaN	NaN	NaN	NaN	NaN	NaN	2.426587
NaN	NaN	NaN	NaN	NaN	NaN	2.427358
NaN	NaN	NaN	NaN	NaN	NaN	2.427715
NaN	NaN	NaN	NaN	NaN	NaN	2.430853
NaN	NaN	NaN	NaN	NaN	NaN	2.434583
NaN	NaN	NaN	NaN	NaN	NaN	2.43885
NaN	NaN	NaN	NaN	NaN	NaN	2.444329
NaN	NaN	NaN	NaN	NaN	NaN	2.449567
NaN	NaN	NaN	NaN	NaN	NaN	2.453995
NaN	NaN	NaN	NaN	NaN	NaN	2.457417
NaN	NaN	NaN	NaN	NaN	NaN	2.461119
NaN	NaN	NaN	NaN	NaN	NaN	2.46298
NaN	NaN	NaN	NaN	NaN	NaN	2.463769
NaN	NaN	NaN	NaN	NaN	NaN	2.464596
NaN	NaN	NaN	NaN	NaN	NaN	2.466678
NaN	NaN	NaN	NaN	NaN	NaN	2.466262
NaN	NaN	NaN	NaN	NaN	NaN	2.468674
NaN	NaN	NaN	NaN	NaN	NaN	2.470828
NaN	NaN	NaN	NaN	NaN	NaN	2.474356
NaN	NaN	NaN	NaN	NaN	NaN	2.47873
NaN	NaN	NaN	NaN	NaN	NaN	2.481894
NaN	NaN	NaN	NaN	NaN	NaN	2.48605
NaN	NaN	NaN	NaN	NaN	NaN	2.488406
NaN	NaN	NaN	NaN	NaN	NaN	2.491941
NaN	NaN	NaN	NaN	NaN	NaN	2.493004
NaN	NaN	NaN	NaN	NaN	NaN	2.493471
NaN	NaN	NaN	NaN	NaN	NaN	2.4932
NaN	NaN	NaN	NaN	NaN	NaN	2.491566
NaN	NaN	NaN	NaN	NaN	NaN	2.491994
NaN	NaN	NaN	NaN	NaN	NaN	2.492707
NaN	NaN	NaN	NaN	NaN	NaN	2.494221
NaN	NaN	NaN	NaN	NaN	NaN	2.496548
NaN	NaN	NaN	NaN	NaN	NaN	2.497513
NaN	NaN	NaN	NaN	NaN	NaN	2.500888
NaN	NaN	NaN	NaN	NaN	NaN	2.503528
NaN	NaN	NaN	NaN	NaN	NaN	2.504838
NaN	NaN	NaN	NaN	NaN	NaN	2.508434
NaN	NaN	NaN	NaN	NaN	NaN	2.508607
NaN	NaN	NaN	NaN	NaN	NaN	2.506881
NaN	NaN	NaN	NaN	NaN	NaN	2.505456
NaN	NaN	NaN	NaN	NaN	NaN	2.50372
NaN	NaN	NaN	NaN	NaN	NaN	2.504615
NaN	NaN	NaN	NaN	NaN	NaN	2.503616
NaN	NaN	NaN	NaN	NaN	NaN	2.502726
NaN	NaN	NaN	NaN	NaN	NaN	2.502659
NaN	NaN	NaN	NaN	NaN	NaN	2.503804
NaN	NaN	NaN	NaN	NaN	NaN	2.504435
NaN	NaN	NaN	NaN	NaN	NaN	2.504039
NaN	NaN	NaN	NaN	NaN	NaN	2.505605
NaN	NaN	NaN	NaN	NaN	NaN	2.505946
NaN	NaN	NaN	NaN	NaN	NaN	2.506668
NaN	NaN	NaN	NaN	NaN	NaN	2.506255
NaN	NaN	NaN	NaN	NaN	NaN	2.507353
NaN	NaN	NaN	NaN	NaN	NaN	2.506373
NaN	NaN	NaN	NaN	NaN	NaN	2.503839
NaN	NaN	NaN	NaN	NaN	NaN	2.503359
NaN	NaN	NaN	NaN	NaN	NaN	2.503112
NaN	NaN	NaN	NaN	NaN	NaN	2.501663
NaN	NaN	NaN	NaN	NaN	NaN	2.503277
NaN	NaN	NaN	NaN	NaN	NaN	2.504062
NaN	NaN	NaN	NaN	NaN	NaN	2.503533
NaN	NaN	NaN	NaN	NaN	NaN	2.504382
NaN	NaN	NaN	NaN	NaN	NaN	2.505118
NaN	NaN	NaN	NaN	NaN	NaN	2.506042
NaN	NaN	NaN	NaN	NaN	NaN	2.507203
NaN	NaN	NaN	NaN	NaN	NaN	2.507816
NaN	NaN	NaN	NaN	NaN	NaN	2.507289
NaN	NaN	NaN	NaN	NaN	NaN	2.509589
NaN	NaN	NaN	NaN	NaN	NaN	2.508742
NaN	NaN	NaN	NaN	NaN	NaN	2.509014
NaN	NaN	NaN	NaN	NaN	NaN	2.511276
NaN	NaN	NaN	NaN	NaN	NaN	2.510388
NaN	NaN	NaN	NaN	NaN	NaN	2.509472
NaN	NaN	NaN	NaN	NaN	NaN	2.510663
NaN	NaN	NaN	NaN	NaN	NaN	2.512018
NaN	NaN	NaN	NaN	NaN	NaN	2.513304
NaN	NaN	NaN	NaN	NaN	NaN	2.516309
NaN	NaN	NaN	NaN	NaN	NaN	2.517318
NaN	NaN	NaN	NaN	NaN	NaN	2.518649
NaN	NaN	NaN	NaN	NaN	NaN	2.519981
NaN	NaN	NaN	NaN	NaN	NaN	2.522816
NaN	NaN	NaN	NaN	NaN	NaN	2.524461
NaN	NaN	NaN	NaN	NaN	NaN	2.52501
NaN	NaN	NaN	NaN	NaN	NaN	2.526469
NaN	NaN	NaN	NaN	NaN	NaN	2.526737
NaN	NaN	NaN	NaN	NaN	NaN	2.52982
NaN	NaN	NaN	NaN	NaN	NaN	2.530659
NaN	NaN	NaN	NaN	NaN	NaN	2.531429
NaN	NaN	NaN	NaN	NaN	NaN	2.534789
NaN	NaN	NaN	NaN	NaN	NaN	2.538435
NaN	NaN	NaN	NaN	NaN	NaN	2.539872
NaN	NaN	NaN	NaN	NaN	NaN	2.542979
NaN	NaN	NaN	NaN	NaN	NaN	2.545335
NaN	NaN	NaN	NaN	NaN	NaN	2.54756
NaN	NaN	NaN	NaN	NaN	NaN	2.55182
NaN	NaN	NaN	NaN	NaN	NaN	2.553169
NaN	NaN	NaN	NaN	NaN	NaN	2.555627
NaN	NaN	NaN	NaN	NaN	NaN	2.558723
NaN	NaN	NaN	NaN	NaN	NaN	2.559275
NaN	NaN	NaN	NaN	NaN	NaN	2.561671
NaN	NaN	NaN	NaN	NaN	NaN	2.564082
NaN	NaN	NaN	NaN	NaN	NaN	2.569494
NaN	NaN	NaN	NaN	NaN	NaN	2.571984
NaN	NaN	NaN	NaN	NaN	NaN	2.574659
NaN	NaN	NaN	NaN	NaN	NaN	2.578858
NaN	NaN	NaN	NaN	NaN	NaN	2.579795
NaN	NaN	NaN	NaN	NaN	NaN	2.581581
NaN	NaN	NaN	NaN	NaN	NaN	2.583251
NaN	NaN	NaN	NaN	NaN	NaN	2.584568
NaN	NaN	NaN	NaN	NaN	NaN	2.586008
NaN	NaN	NaN	NaN	NaN	NaN	2.588605
NaN	NaN	NaN	NaN	NaN	NaN	2.591107
NaN	NaN	NaN	NaN	NaN	NaN	2.5916
NaN	NaN	NaN	NaN	NaN	NaN	2.595072
NaN	NaN	NaN	NaN	NaN	NaN	2.599248
NaN	NaN	NaN	NaN	NaN	NaN	2.601935
NaN	NaN	NaN	NaN	NaN	NaN	2.605171
NaN	NaN	NaN	NaN	NaN	NaN	2.607024
NaN	NaN	NaN	NaN	NaN	NaN	2.609208
NaN	NaN	NaN	NaN	NaN	NaN	2.609313
NaN	NaN	NaN	NaN	NaN	NaN	2.610034
NaN	NaN	NaN	NaN	NaN	NaN	2.609489
NaN	NaN	NaN	NaN	NaN	NaN	2.61054
NaN	NaN	NaN	NaN	NaN	NaN	2.613327
NaN	NaN	NaN	NaN	NaN	NaN	2.612735
NaN	NaN	NaN	NaN	NaN	NaN	2.614281
NaN	NaN	NaN	NaN	NaN	NaN	2.615193
NaN	NaN	NaN	NaN	NaN	NaN	2.617525
NaN	NaN	NaN	NaN	NaN	NaN	2.620592
NaN	NaN	NaN	NaN	NaN	NaN	2.621807
NaN	NaN	NaN	NaN	NaN	NaN	2.624504
NaN	NaN	NaN	NaN	NaN	NaN	2.626474
NaN	NaN	NaN	NaN	NaN	NaN	2.626812
NaN	NaN	NaN	NaN	NaN	NaN	2.626768
NaN	NaN	NaN	NaN	NaN	NaN	2.626477
NaN	NaN	NaN	NaN	NaN	NaN	2.626457
NaN	NaN	NaN	NaN	NaN	NaN	2.625021
NaN	NaN	NaN	NaN	NaN	NaN	2.625827
NaN	NaN	NaN	NaN	NaN	NaN	2.625304
NaN	NaN	NaN	NaN	NaN	NaN	2.626755
NaN	NaN	NaN	NaN	NaN	NaN	2.626761
NaN	NaN	NaN	NaN	NaN	NaN	2.628045
NaN	NaN	NaN	NaN	NaN	NaN	2.62907
NaN	NaN	NaN	NaN	NaN	NaN	2.631244
NaN	NaN	NaN	NaN	NaN	NaN	2.632843
NaN	NaN	NaN	NaN	NaN	NaN	2.632888
NaN	NaN	NaN	NaN	NaN	NaN	2.631732
NaN	NaN	NaN	NaN	NaN	NaN	2.632295
NaN	NaN	NaN	NaN	NaN	NaN	2.632564
NaN	NaN	NaN	NaN	NaN	NaN	2.632399
NaN	NaN	NaN	NaN	NaN	NaN	2.630044
NaN	NaN	NaN	NaN	NaN	NaN	2.632505
NaN	NaN	NaN	NaN	NaN	NaN	2.631641
NaN	NaN	NaN	NaN	NaN	NaN	2.632048
NaN	NaN	NaN	NaN	NaN	NaN	2.631714
NaN	NaN	NaN	NaN	NaN	NaN	2.63226
NaN	NaN	NaN	NaN	NaN	NaN	2.633528
NaN	NaN	NaN	NaN	NaN	NaN	2.635324
NaN	NaN	NaN	NaN	NaN	NaN	2.636662
NaN	NaN	NaN	NaN	NaN	NaN	2.63799
NaN	NaN	NaN	NaN	NaN	NaN	2.636935
NaN	NaN	NaN	NaN	NaN	NaN	2.63794
NaN	NaN	NaN	NaN	NaN	NaN	2.638129
NaN	NaN	NaN	NaN	NaN	NaN	2.638849
NaN	NaN	NaN	NaN	NaN	NaN	2.638573
NaN	NaN	NaN	NaN	NaN	NaN	2.640249
NaN	NaN	NaN	NaN	NaN	NaN	2.640152
NaN	NaN	NaN	NaN	NaN	NaN	2.640909
NaN	NaN	NaN	NaN	NaN	NaN	2.639999
NaN	NaN	NaN	NaN	NaN	NaN	2.640518
NaN	NaN	NaN	NaN	NaN	NaN	2.641764
NaN	NaN	NaN	NaN	NaN	NaN	2.642971
NaN	NaN	NaN	NaN	NaN	NaN	2.645098
NaN	NaN	NaN	NaN	NaN	NaN	2.646718
NaN	NaN	NaN	NaN	NaN	NaN	2.65002
NaN	NaN	NaN	NaN	NaN	NaN	2.651178
NaN	NaN	NaN	NaN	NaN	NaN	2.652188
NaN	NaN	NaN	NaN	NaN	NaN	2.654485
NaN	NaN	NaN	NaN	NaN	NaN	2.655101
NaN	NaN	NaN	NaN	NaN	NaN	2.657745
NaN	NaN	NaN	NaN	NaN	NaN	2.658196
NaN	NaN	NaN	NaN	NaN	NaN	2.657755
NaN	NaN	NaN	NaN	NaN	NaN	2.657445
NaN	NaN	NaN	NaN	NaN	NaN	2.657978
NaN	NaN	NaN	NaN	NaN	NaN	2.658266
NaN	NaN	NaN	NaN	NaN	NaN	2.660145
NaN	NaN	NaN	NaN	NaN	NaN	2.66019
NaN	NaN	NaN	NaN	NaN	NaN	2.662195
NaN	NaN	NaN	NaN	NaN	NaN	2.665395
NaN	NaN	NaN	NaN	NaN	NaN	2.665936
NaN	NaN	NaN	NaN	NaN	NaN	2.670057
NaN	NaN	NaN	NaN	NaN	NaN	2.674493
NaN	NaN	NaN	NaN	NaN	NaN	2.675923
NaN	NaN	NaN	NaN	NaN	NaN	2.678502
NaN	NaN	NaN	NaN	NaN	NaN	2.679016
NaN	NaN	NaN	NaN	NaN	NaN	2.681994
NaN	NaN	NaN	NaN	NaN	NaN	2.682298
NaN	NaN	NaN	NaN	NaN	NaN	2.681364
NaN	NaN	NaN	NaN	NaN	NaN	2.682411
NaN	NaN	NaN	NaN	NaN	NaN	2.682808
NaN	NaN	NaN	NaN	NaN	NaN	2.684448
NaN	NaN	NaN	NaN	NaN	NaN	2.686753
NaN	NaN	NaN	NaN	NaN	NaN	2.690403
NaN	NaN	NaN	NaN	NaN	NaN	2.693177
NaN	NaN	NaN	NaN	NaN	NaN	2.696439
NaN	NaN	NaN	NaN	NaN	NaN	2.698047
NaN	NaN	NaN	NaN	NaN	NaN	2.702092
NaN	NaN	NaN	NaN	NaN	NaN	2.70367
NaN	NaN	NaN	NaN	NaN	NaN	2.707721
NaN	NaN	NaN	NaN	NaN	NaN	2.707109
NaN	NaN	NaN	NaN	NaN	NaN	2.708403
NaN	NaN	NaN	NaN	NaN	NaN	2.708982
NaN	NaN	NaN	NaN	NaN	NaN	2.708395
NaN	NaN	NaN	NaN	NaN	NaN	2.707438
NaN	NaN	NaN	NaN	NaN	NaN	2.708067
NaN	NaN	NaN	NaN	NaN	NaN	2.709578
NaN	NaN	NaN	NaN	NaN	NaN	2.711954
NaN	NaN	NaN	NaN	NaN	NaN	2.714
NaN	NaN	NaN	NaN	NaN	NaN	2.718822
NaN	NaN	NaN	NaN	NaN	NaN	2.722252
NaN	NaN	NaN	NaN	NaN	NaN	2.725558
NaN	NaN	NaN	NaN	NaN	NaN	2.726819
NaN	NaN	NaN	NaN	NaN	NaN	2.729367
NaN	NaN	NaN	NaN	NaN	NaN	2.729688
NaN	NaN	NaN	NaN	NaN	NaN	2.732069
NaN	NaN	NaN	NaN	NaN	NaN	2.731118
NaN	NaN	NaN	NaN	NaN	NaN	2.731827
NaN	NaN	NaN	NaN	NaN	NaN	2.730675
NaN	NaN	NaN	NaN	NaN	NaN	2.730212
NaN	NaN	NaN	NaN	NaN	NaN	2.732466
NaN	NaN	NaN	NaN	NaN	NaN	2.73385
NaN	NaN	NaN	NaN	NaN	NaN	2.737046
NaN	NaN	NaN	NaN	NaN	NaN	2.739637
NaN	NaN	NaN	NaN	NaN	NaN	2.74517
NaN	NaN	NaN	NaN	NaN	NaN	2.747241
NaN	NaN	NaN	NaN	NaN	NaN	2.748374
NaN	NaN	NaN	NaN	NaN	NaN	2.751894
NaN	NaN	NaN	NaN	NaN	NaN	2.751474
NaN	NaN	NaN	NaN	NaN	NaN	2.753677
NaN	NaN	NaN	NaN	NaN	NaN	2.751862
NaN	NaN	NaN	NaN	NaN	NaN	2.752784
NaN	NaN	NaN	NaN	NaN	NaN	2.750453
NaN	NaN	NaN	NaN	NaN	NaN	2.749743
NaN	NaN	NaN	NaN	NaN	NaN	2.751732
NaN	NaN	NaN	NaN	NaN	NaN	2.753453
NaN	NaN	NaN	NaN	NaN	NaN	2.755461
NaN	NaN	NaN	NaN	NaN	NaN	2.75718
NaN	NaN	NaN	NaN	NaN	NaN	2.758803
NaN	NaN	NaN	NaN	NaN	NaN	2.761834
NaN	NaN	NaN	NaN	NaN	NaN	2.764116
NaN	NaN	NaN	NaN	NaN	NaN	2.764735
NaN	NaN	NaN	NaN	NaN	NaN	2.765264
NaN	NaN	NaN	NaN	NaN	NaN	2.765694
NaN	NaN	NaN	NaN	NaN	NaN	2.766362
NaN	NaN	NaN	NaN	NaN	NaN	2.765685
NaN	NaN	NaN	NaN	NaN	NaN	2.76633
NaN	NaN	NaN	NaN	NaN	NaN	2.76721
NaN	NaN	NaN	NaN	NaN	NaN	2.768642
NaN	NaN	NaN	NaN	NaN	NaN	2.769917
NaN	NaN	NaN	NaN	NaN	NaN	2.771803
NaN	NaN	NaN	NaN	NaN	NaN	2.771733
NaN	NaN	NaN	NaN	NaN	NaN	2.772543
NaN	NaN	NaN	NaN	NaN	NaN	2.773381
NaN	NaN	NaN	NaN	NaN	NaN	2.774931
NaN	NaN	NaN	NaN	NaN	NaN	2.774345
NaN	NaN	NaN	NaN	NaN	NaN	2.775983
NaN	NaN	NaN	NaN	NaN	NaN	2.776645
NaN	NaN	NaN	NaN	NaN	NaN	2.778882
NaN	NaN	NaN	NaN	NaN	NaN	2.778717
NaN	NaN	NaN	NaN	NaN	NaN	2.780074
NaN	NaN	NaN	NaN	NaN	NaN	2.779929
NaN	NaN	NaN	NaN	NaN	NaN	2.782183
NaN	NaN	NaN	NaN	NaN	NaN	2.782161
NaN	NaN	NaN	NaN	NaN	NaN	2.783136
NaN	NaN	NaN	NaN	NaN	NaN	2.785095
NaN	NaN	NaN	NaN	NaN	NaN	2.786633
NaN	NaN	NaN	NaN	NaN	NaN	2.78747
NaN	NaN	NaN	NaN	NaN	NaN	2.787445
NaN	NaN	NaN	NaN	NaN	NaN	2.788208
NaN	NaN	NaN	NaN	NaN	NaN	2.790537
NaN	NaN	NaN	NaN	NaN	NaN	2.792228
NaN	NaN	NaN	NaN	NaN	NaN	2.792569
NaN	NaN	NaN	NaN	NaN	NaN	2.792417
NaN	NaN	NaN	NaN	NaN	NaN	2.792805
NaN	NaN	NaN	NaN	NaN	NaN	2.793194
NaN	NaN	NaN	NaN	NaN	NaN	2.797155
NaN	NaN	NaN	NaN	NaN	NaN	2.797838
NaN	NaN	NaN	NaN	NaN	NaN	2.799169
NaN	NaN	NaN	NaN	NaN	NaN	2.799139
NaN	NaN	NaN	NaN	NaN	NaN	2.801236
NaN	NaN	NaN	NaN	NaN	NaN	2.802407
NaN	NaN	NaN	NaN	NaN	NaN	2.801796
NaN	NaN	NaN	NaN	NaN	NaN	2.802124
NaN	NaN	NaN	NaN	NaN	NaN	2.804317
NaN	NaN	NaN	NaN	NaN	NaN	2.803821
NaN	NaN	NaN	NaN	NaN	NaN	2.806637
NaN	NaN	NaN	NaN	NaN	NaN	2.807059
NaN	NaN	NaN	NaN	NaN	NaN	2.806939
NaN	NaN	NaN	NaN	NaN	NaN	2.809289
NaN	NaN	NaN	NaN	NaN	NaN	2.812963
NaN	NaN	NaN	NaN	NaN	NaN	2.814532
NaN	NaN	NaN	NaN	NaN	NaN	2.815503
NaN	NaN	NaN	NaN	NaN	NaN	2.815281
NaN	NaN	NaN	NaN	NaN	NaN	2.816343
NaN	NaN	NaN	NaN	NaN	NaN	2.818841
NaN	NaN	NaN	NaN	NaN	NaN	2.819077
NaN	NaN	NaN	NaN	NaN	NaN	2.821622
NaN	NaN	NaN	NaN	NaN	NaN	2.823164
NaN	NaN	NaN	NaN	NaN	NaN	2.825406
NaN	NaN	NaN	NaN	NaN	NaN	2.8253
NaN	NaN	NaN	NaN	NaN	NaN	2.826479
NaN	NaN	NaN	NaN	NaN	NaN	2.830362
NaN	NaN	NaN	NaN	NaN	NaN	2.82961
NaN	NaN	NaN	NaN	NaN	NaN	2.83432
NaN	NaN	NaN	NaN	NaN	NaN	2.837223
NaN	NaN	NaN	NaN	NaN	NaN	2.839039
NaN	NaN	NaN	NaN	NaN	NaN	2.8413
NaN	NaN	NaN	NaN	NaN	NaN	2.842506
NaN	NaN	NaN	NaN	NaN	NaN	2.842635
NaN	NaN	NaN	NaN	NaN	NaN	2.844366
NaN	NaN	NaN	NaN	NaN	NaN	2.846973
NaN	NaN	NaN	NaN	NaN	NaN	2.848064
NaN	NaN	NaN	NaN	NaN	NaN	2.848673
NaN	NaN	NaN	NaN	NaN	NaN	2.85008
NaN	NaN	NaN	NaN	NaN	NaN	2.854078
NaN	NaN	NaN	NaN	NaN	NaN	2.854631
NaN	NaN	NaN	NaN	NaN	NaN	2.854911
NaN	NaN	NaN	NaN	NaN	NaN	2.859203
NaN	NaN	NaN	NaN	NaN	NaN	2.861115
NaN	NaN	NaN	NaN	NaN	NaN	2.86342
NaN	NaN	NaN	NaN	NaN	NaN	2.866324
NaN	NaN	NaN	NaN	NaN	NaN	2.869482
NaN	NaN	NaN	NaN	NaN	NaN	2.872514
NaN	NaN	NaN	NaN	NaN	NaN	2.874194
NaN	NaN	NaN	NaN	NaN	NaN	2.876006
NaN	NaN	NaN	NaN	NaN	NaN	2.878043
NaN	NaN	NaN	NaN	NaN	NaN	2.880563
NaN	NaN	NaN	NaN	NaN	NaN	2.881144
NaN	NaN	NaN	NaN	NaN	NaN	2.885144
NaN	NaN	NaN	NaN	NaN	NaN	2.886986
NaN	NaN	NaN	NaN	NaN	NaN	2.888559
NaN	NaN	NaN	NaN	NaN	NaN	2.890759
NaN	NaN	NaN	NaN	NaN	NaN	2.893979
NaN	NaN	NaN	NaN	NaN	NaN	2.897669
NaN	NaN	NaN	NaN	NaN	NaN	2.901243
NaN	NaN	NaN	NaN	NaN	NaN	2.903097
NaN	NaN	NaN	NaN	NaN	NaN	2.90707
NaN	NaN	NaN	NaN	NaN	NaN	2.909916
NaN	NaN	NaN	NaN	NaN	NaN	2.910981
NaN	NaN	NaN	NaN	NaN	NaN	2.912425
NaN	NaN	NaN	NaN	NaN	NaN	2.915301
NaN	NaN	NaN	NaN	NaN	NaN	2.917574
NaN	NaN	NaN	NaN	NaN	NaN	2.919815
NaN	NaN	NaN	NaN	NaN	NaN	2.922451
NaN	NaN	NaN	NaN	NaN	NaN	2.925353
NaN	NaN	NaN	NaN	NaN	NaN	2.926857
NaN	NaN	NaN	NaN	NaN	NaN	2.929002
NaN	NaN	NaN	NaN	NaN	NaN	2.932641
NaN	NaN	NaN	NaN	NaN	NaN	2.93513
NaN	NaN	NaN	NaN	NaN	NaN	2.936688
NaN	NaN	NaN	NaN	NaN	NaN	2.93675
NaN	NaN	NaN	NaN	NaN	NaN	2.937219
NaN	NaN	NaN	NaN	NaN	NaN	2.940236
NaN	NaN	NaN	NaN	NaN	NaN	2.940457
NaN	NaN	NaN	NaN	NaN	NaN	2.943239
NaN	NaN	NaN	NaN	NaN	NaN	2.943777
NaN	NaN	NaN	NaN	NaN	NaN	2.944677
NaN	NaN	NaN	NaN	NaN	NaN	2.948265
NaN	NaN	NaN	NaN	NaN	NaN	2.952628
NaN	NaN	NaN	NaN	NaN	NaN	2.954116
NaN	NaN	NaN	NaN	NaN	NaN	2.956606
NaN	NaN	NaN	NaN	NaN	NaN	2.957241
NaN	NaN	NaN	NaN	NaN	NaN	2.957464
NaN	NaN	NaN	NaN	NaN	NaN	2.957228
NaN	NaN	NaN	NaN	NaN	NaN	2.959336
NaN	NaN	NaN	NaN	NaN	NaN	2.956657
NaN	NaN	NaN	NaN	NaN	NaN	2.956057
NaN	NaN	NaN	NaN	NaN	NaN	2.956415
NaN	NaN	NaN	NaN	NaN	NaN	2.956777
NaN	NaN	NaN	NaN	NaN	NaN	2.95837
NaN	NaN	NaN	NaN	NaN	NaN	2.960116
NaN	NaN	NaN	NaN	NaN	NaN	2.961961
NaN	NaN	NaN	NaN	NaN	NaN	2.962722
NaN	NaN	NaN	NaN	NaN	NaN	2.96467
NaN	NaN	NaN	NaN	NaN	NaN	2.965703
NaN	NaN	NaN	NaN	NaN	NaN	2.964564
NaN	NaN	NaN	NaN	NaN	NaN	2.964097
NaN	NaN	NaN	NaN	NaN	NaN	2.961524
NaN	NaN	NaN	NaN	NaN	NaN	2.960031
NaN	NaN	NaN	NaN	NaN	NaN	2.958193
NaN	NaN	NaN	NaN	NaN	NaN	2.960315
NaN	NaN	NaN	NaN	NaN	NaN	2.957774
NaN	NaN	NaN	NaN	NaN	NaN	2.959311
NaN	NaN	NaN	NaN	NaN	NaN	2.958779
NaN	NaN	NaN	NaN	NaN	NaN	2.960648
NaN	NaN	NaN	NaN	NaN	NaN	2.960787
NaN	NaN	NaN	NaN	NaN	NaN	2.962362
NaN	NaN	NaN	NaN	NaN	NaN	2.963972
NaN	NaN	NaN	NaN	NaN	NaN	2.963612
NaN	NaN	NaN	NaN	NaN	NaN	2.965071
NaN	NaN	NaN	NaN	NaN	NaN	2.962598
NaN	NaN	NaN	NaN	NaN	NaN	2.960532
NaN	NaN	NaN	NaN	NaN	NaN	2.960901
NaN	NaN	NaN	NaN	NaN	NaN	2.960336
NaN	NaN	NaN	NaN	NaN	NaN	2.959304
NaN	NaN	NaN	NaN	NaN	NaN	2.959161
NaN	NaN	NaN	NaN	NaN	NaN	2.958999
NaN	NaN	NaN	NaN	NaN	NaN	2.959475
NaN	NaN	NaN	NaN	NaN	NaN	2.961376
NaN	NaN	NaN	NaN	NaN	NaN	2.959609
NaN	NaN	NaN	NaN	NaN	NaN	2.963298
NaN	NaN	NaN	NaN	NaN	NaN	2.963648
NaN	NaN	NaN	NaN	NaN	NaN	2.965959
NaN	NaN	NaN	NaN	NaN	NaN	2.965972
NaN	NaN	NaN	NaN	NaN	NaN	2.967224
NaN	NaN	NaN	NaN	NaN	NaN	2.969389
NaN	NaN	NaN	NaN	NaN	NaN	2.970923
NaN	NaN	NaN	NaN	NaN	NaN	2.973881
NaN	NaN	NaN	NaN	NaN	NaN	2.97415
NaN	NaN	NaN	NaN	NaN	NaN	2.976931
NaN	NaN	NaN	NaN	NaN	NaN	2.978192