SDD21_Lower	ILD_Upper	ILD_Lower	SDD11_Upper
NaN	NaN	NaN	NaN
NaN	NaN	NaN	NaN
NaN	NaN	NaN	NaN
NaN	NaN	NaN	NaN
-17.04	.718	-.718	-11.5527864045
-17.04	.72	-.72	-11.5101020514434
-17.04	.722	-.722	-11.4708497377871
-17.04	.724	-.724	-11.4343145750508
-17.04	.726	-.726	-11.4
-17.04	.728	-.728	-11.3675444679663
-17.04	.73	-.73	-11.3366750419289
-17.04	.732	-.732	-11.3071796769724
-17.04	.734	-.734	-11.2788897449072
-17.04	.736	-.736	-11.2516685226452
-17.04	.738	-.738	-11.2254033307585
-17.04	.74	-.74	-11.2
-17.04	.742	-.742	-11.1753788748765
-17.04	.744	-.744	-11.1514718625761
-17.04	.746	-.746	-11.1282202112919
-17.04	.748	-.748	-11.1055728090001
-17.04	.75	-.75	-11.0834848610088
-17.04	.752	-.752	-11.0619168480353
-17.04	.754	-.754	-11.0408336953375
-17.04	.756	-.756	-11.0202041028867
-17.04	.758	-.758	-11
-17.04	.76	-.76	-10.9801960972814
-17.04	.762	-.762	-10.9607695154587
-17.04	.764	-.764	-10.9416994755742
-17.04	.766	-.766	-10.9229670385731
-17.04	.768	-.768	-10.9045548849897
-17.04	.77	-.77	-10.886447127434
-17.04	.772	-.772	-10.8686291501015
-17.04	.774	-.774	-10.8510874706924
-17.04	.776	-.776	-10.8338096210309
-17.04	.778	-.778	-10.8167840433801
-17.04	.78	-.78	-10.8
-17.04	.782	-.782	-10.7834474939404
-17.04	.784	-.784	-10.7671171994062
-17.04	.786	-.786	-10.7510004003203
-17.04	.788	-.788	-10.7350889359326
-17.04	.79	-.79	-10.7193751525134
-17.04	.792	-.792	-10.7038518603184
-17.04	.794	-.794	-10.6885122951396
-17.04	.796	-.796	-10.6733500838578
-17.04	.798	-.798	-10.6583592135001
-17.04	.8	-.8	-10.6435340033749
-17.04	.802	-.802	-10.6288690799198
-17.04	.804	-.804	-10.6143593539449
-17.04	.806	-.806	-10.6
-17.04	.808	-.808	-10.5857864376269
-17.04	.81	-.81	-10.5717143142914
-17.04	.812	-.812	-10.5577794898144
-17.04	.814	-.814	-10.5439780221439
-17.04	.816	-.816	-10.5303061543301
-17.04	.818	-.818	-10.5167603025809
-17.04	.82	-.82	-10.5033370452904
-17.04	.822	-.822	-10.4900331129459
-17.04	.824	-.824	-10.4768453788272
-17.04	.826	-.826	-10.4637708504263
-17.04	.828	-.828	-10.450806661517
-17.04	.83	-.83	-10.4379500648187
-17.04	.832	-.832	-10.4251984251976
-17.04	.834	-.834	-10.4125492133612
-17.04	.836	-.836	-10.4
-17.04	.838	-.838	-10.3875484503403
-17.04	.84	-.84	-10.3751923190728
-17.04	.842	-.842	-10.3629294456255
-17.04	.844	-.844	-10.3507577497529
-17.04	.846	-.846	-10.3386752274164
-17.04	.848	-.848	-10.3266799469318
-17.04	.85	-.85	-10.3147700453647
-17.04	.852	-.852	-10.3029437251523
-17.04	.854	-.854	-10.2911992509365
-17.04	.856	-.856	-10.2795349465915
-17.04	.858	-.858	-10.2679491924311
-17.04	.86	-.86	-10.2564404225837
-17.04	.862	-.862	-10.2450071225216
-17.04	.864	-.864	-10.2336478267344
-17.04	.866	-.866	-10.2223611165369
-17.04	.868	-.868	-10.2111456180002
-17.04	.87	-.87	-10.2
-17.04	.872	-.872	-10.1889229723725
-17.04	.874	-.874	-10.1779132841711
-17.04	.876	-.876	-10.1669697220177
-17.04	.878	-.878	-10.1560911085414
-17.04	.88	-.88	-10.1452763009009
-17.04	.882	-.882	-10.1345241893822
-17.04	.884	-.884	-10.1238336960706
-17.04	.886	-.886	-10.1132037735887
-17.04	.888	-.888	-10.102633403899
-17.04	.89	-.89	-10.0921215971661
-17.04	.892	-.892	-10.0816673906749
-17.04	.894	-.894	-10.0712698478014
-17.04	.896	-.896	-10.0609280570335
-17.04	.898	-.898	-10.0506411310382
-17.04	.9	-.9	-10.0404082057735
-17.04	.902	-.902	-10.0302284396408
-17.04	.904	-.904	-10.0201010126777
-17.04	.906	-.906	-10.0100251257868
-17.04	.908	-.908	-10
-17.04	.91	-.91	-9.99002487577582
-17.04	.912	-.912	-9.98009901232759
-17.04	.914	-.914	-9.97022168698156
-17.04	.916	-.916	-9.96039219456289
-17.04	.918	-.918	-9.95060984680808
-17.04	.92	-.92	-9.9408739718026
-17.04	.922	-.922	-9.93118391344228
-17.04	.924	-.924	-9.92153903091735
-17.04	.926	-.926	-9.91193869821789
-17.04	.928	-.928	-9.9023823036597
-17.04	.93	-.93	-9.89286924942945
-17.04	.932	-.932	-9.88339895114833
-17.04	.934	-.934	-9.87397083745307
-17.04	.936	-.936	-9.86458434959374
-17.04	.938	-.938	-9.85523894104728
-17.04	.94	-.94	-9.8459340771462
-17.04	.942	-.942	-9.83666923472161
-17.04	.944	-.944	-9.82744390175996
-17.04	.946	-.946	-9.81825757707286
-17.04	.948	-.948	-9.80910976997934
-17.04	.95	-.95	-9.8
-17.04	.952	-.952	-9.79092779656255
-17.04	.954	-.954	-9.78189269871812
-17.04	.956	-.956	-9.77289425486799
-17.04	.958	-.958	-9.76393202250021
-17.04	.96	-.96	-9.75500556793564
-17.04	.962	-.962	-9.74611446608307
-17.04	.964	-.964	-9.73725830020305
-17.04	.966	-.966	-9.72843666167989
-17.04	.968	-.968	-9.71964914980172
-17.04	.97	-.97	-9.71089537154808
-17.04	.972	-.972	-9.70217494138479
-17.04	.974	-.974	-9.69348748106584
-17.04	.976	-.976	-9.68483261944196
-17.04	.978	-.978	-9.67620999227555
-17.04	.98	-.98	-9.66761924206188
-17.04	.982	-.982	-9.65906001785607
-17.04	.984	-.984	-9.65053197510585
-17.04	.986	-.986	-9.64203477548968
-17.04	.988	-.988	-9.63356808676015
-17.04	.99	-.99	-9.62513158259242
-17.04	.992	-.992	-9.6167249424374
-17.04	.994	-.994	-9.60834785137972
-17.04	.996	-.996	-9.6
-17.04	.998	-.998	-9.59168108424154
-17.04	1	-1	-9.58339080528109
-17.04	1.002	-1.002	-9.57512886940357
-17.04	1.004	-1.004	-9.56689498788071
-17.04	1.006	-1.006	-9.55868887685326
-17.04	1.008	-1.008	-9.55051025721682
-17.04	1.01	-1.01	-9.5423588545111
-17.04	1.012	-1.012	-9.53423439881241
-17.04	1.014	-1.014	-9.5261366246294
-17.04	1.016	-1.016	-9.51806527080183
-17.04	1.018	-1.018	-9.51002008040225
-17.04	1.02	-1.02	-9.50200080064064
-17.04	1.022	-1.022	-9.49400718277167
-17.04	1.024	-1.024	-9.48603898200469
-17.04	1.026	-1.026	-9.4780959574163
-17.04	1.028	-1.028	-9.4701778718653
-17.04	1.03	-1.03	-9.4622844919101
-17.04	1.032	-1.032	-9.45441558772843
-17.04	1.034	-1.034	-9.44657093303926
-17.04	1.036	-1.036	-9.43875030502686
-17.04	1.038	-1.038	-9.43095348426697
-17.04	1.04	-1.04	-9.42318025465497
-17.04	1.042	-1.042	-9.41543040333598
-17.04	1.044	-1.044	-9.40770372063686
-17.04	1.046	-1.046	-9.4
-17.04	1.048	-1.048	-9.39231903791894
-17.04	1.05	-1.05	-9.3846606338756
-17.04	1.052	-1.052	-9.3770245902792
-17.04	1.054	-1.054	-9.36941071240682
-17.04	1.056	-1.056	-9.36181880834542
-17.04	1.058	-1.058	-9.35424868893541
-17.04	1.06	-1.06	-9.34670016771568
-17.04	1.062	-1.062	-9.33917306086999
-17.04	1.064	-1.064	-9.33166718717473
-17.04	1.066	-1.066	-9.32418236794807
-17.04	1.068	-1.068	-9.31671842700025
-17.04	1.07	-1.07	-9.30927519058526
-17.04	1.072	-1.072	-9.30185248735359
-17.04	1.074	-1.074	-9.29445014830626
-17.04	1.076	-1.076	-9.28706800674989
-17.04	1.078	-1.078	-9.27970589825291
-17.04	1.08	-1.08	-9.27236366060283
-17.04	1.082	-1.082	-9.26504113376453
-17.04	1.084	-1.084	-9.25773815983958
-17.04	1.086	-1.086	-9.2504545830265
-17.04	1.088	-1.088	-9.24319024958196
-17.04	1.09	-1.09	-9.23594500778295
-17.04	1.092	-1.092	-9.2287187078898
-17.04	1.094	-1.094	-9.22151120211004
-17.04	1.096	-1.096	-9.21432234456318
-17.04	1.098	-1.098	-9.20715199124621
-17.04	1.1	-1.1	-9.2
-17.04	1.102	-1.102	-9.19286623047636
-17.04	1.104	-1.104	-9.18575054410594
-17.04	1.106	-1.106	-9.17865280406682
-17.04	1.108	-1.108	-9.17157287525381
-17.04	1.11	-1.11	-9.16451062424844
-17.04	1.112	-1.112	-9.15746591928962
-17.04	1.114	-1.114	-9.150438630245
-17.04	1.116	-1.116	-9.14342862858286
-17.04	1.118	-1.118	-9.13643578734473
-17.04	1.12	-1.12	-9.12945998111853
-17.04	1.122	-1.122	-9.12250108601237
-17.04	1.124	-1.124	-9.11555897962881
-17.04	1.126	-1.126	-9.10863354103981
-17.04	1.128	-1.128	-9.10172465076211
-17.04	1.13	-1.13	-9.09483219073321
-17.04	1.132	-1.132	-9.08795604428779
-17.04	1.134	-1.134	-9.08109609613471
-17.04	1.136	-1.136	-9.07425223233444
-17.04	1.138	-1.138	-9.06742434027696
-17.04	1.14	-1.14	-9.06061230866019
-17.04	1.142	-1.142	-9.05381602746875
-17.04	1.144	-1.144	-9.04703538795332
-17.04	1.146	-1.146	-9.04027028261025
-17.04	1.148	-1.148	-9.03352060516174
-17.04	1.15	-1.15	-9.0267862505363
-17.04	1.152	-1.152	-9.02006711484973
-17.04	1.154	-1.154	-9.01336309538639
-17.04	1.156	-1.156	-9.00667409058085
-17.04	1.158	-1.158	-9
-17.04	1.16	-1.16	-8.99334072432542
-17.04	1.162	-1.162	-8.98669616533613
-17.04	1.164	-1.164	-8.9800662258917
-17.04	1.166	-1.166	-8.97345080991569
-17.04	1.168	-1.168	-8.96684982237938
-17.04	1.17	-1.17	-8.96026316928587
-17.04	1.172	-1.172	-8.95369075765444
-17.04	1.174	-1.174	-8.94713249550525
-17.04	1.176	-1.176	-8.94058829184433
-17.04	1.178	-1.178	-8.93405805664882
-17.04	1.18	-1.18	-8.92754170085256
-17.04	1.182	-1.182	-8.92103913633187
-17.04	1.184	-1.184	-8.9145502758917
-17.04	1.186	-1.186	-8.90807503325194
-17.04	1.188	-1.188	-8.90161332303407
-17.04	1.19	-1.19	-8.895165060748
-17.04	1.192	-1.192	-8.88873016277919
-17.04	1.194	-1.194	-8.88230854637602
-17.04	1.196	-1.196	-8.87590012963734
-17.04	1.198	-1.198	-8.86950483150029
-17.04	1.2	-1.2	-8.86312257172838
-17.04	1.202	-1.202	-8.85675327089966
-17.04	1.204	-1.204	-8.85039685039528
-17.04	1.206	-1.206	-8.8440532323881
-17.04	1.208	-1.208	-8.83772233983162
-17.04	1.21	-1.21	-8.83140409644903
-17.04	1.212	-1.212	-8.82509842672249
-17.04	1.214	-1.214	-8.81880525588263
-17.04	1.216	-1.216	-8.81252450989815
-17.04	1.218	-1.218	-8.80625611546574
-17.04	1.22	-1.22	-8.8
-17.04	1.222	-1.222	-8.79375609162372
-17.04	1.224	-1.224	-8.7875243191582
-17.04	1.226	-1.226	-8.78130461211378
-17.04	1.228	-1.228	-8.77509690068058
-17.04	1.23	-1.23	-8.7689011157193
-17.04	1.232	-1.232	-8.76271718875227
-17.04	1.234	-1.234	-8.75654505195463
-17.04	1.236	-1.236	-8.75038463814562
-17.04	1.238	-1.238	-8.74423588078006
-17.04	1.24	-1.24	-8.73809871393998
-17.04	1.242	-1.242	-8.73197307232636
-17.04	1.244	-1.244	-8.72585889125102
-17.04	1.246	-1.246	-8.71975610662865
-17.04	1.248	-1.248	-8.713664654969
-17.04	1.25	-1.25	-8.70758447336913
-17.04	1.252	-1.252	-8.70151549950587
-17.04	1.254	-1.254	-8.69545767162834
-17.04	1.256	-1.256	-8.68941092855063
-17.04	1.258	-1.258	-8.6833752096446
-17.04	1.26	-1.26	-8.67735045483277
-17.04	1.262	-1.262	-8.67133660458135
-17.04	1.264	-1.264	-8.66533359989339
-17.04	1.266	-1.266	-8.65934138230199
-17.04	1.268	-1.268	-8.6533598938637
-17.04	1.27	-1.27	-8.64738907715196
-17.04	1.272	-1.272	-8.64142887525067
-17.04	1.274	-1.274	-8.63547923174785
-17.04	1.276	-1.276	-8.62954009072946
-17.04	1.278	-1.278	-8.62361139677317
-17.04	1.28	-1.28	-8.61769309494245
-17.04	1.282	-1.282	-8.61178513078052
-17.04	1.284	-1.284	-8.60588745030457
-17.04	1.286	-1.286	-8.6
-17.04	1.288	-1.288	-8.59412272681472
-17.04	1.29	-1.29	-8.5882555781536
-17.04	1.292	-1.292	-8.58239850187299
-17.04	1.294	-1.294	-8.57655144627526
-17.04	1.296	-1.296	-8.57071436010355
-17.04	1.298	-1.298	-8.56488719253647
-17.04	1.3	-1.3	-8.55906989318295
-17.04	1.302	-1.302	-8.55326241207718
-17.04	1.304	-1.304	-8.54746469967359
-17.04	1.306	-1.306	-8.54167670684188
-17.04	1.308	-1.308	-8.53589838486225
-17.04	1.31	-1.31	-8.5301296854205
-17.04	1.312	-1.312	-8.52437056060345
-17.04	1.314	-1.314	-8.51862096289416
-17.04	1.316	-1.316	-8.51288084516746
-17.04	1.318	-1.318	-8.5071501606854
-17.04	1.32	-1.32	-8.50142886309282
-17.04	1.322	-1.322	-8.49571690641295
-17.04	1.324	-1.324	-8.49001424504315
-17.04	1.326	-1.326	-8.48432083375061
-17.04	1.328	-1.328	-8.4786366276682
-17.04	1.33	-1.33	-8.47296158229032
-17.04	1.332	-1.332	-8.46729565346886
-17.04	1.334	-1.334	-8.46163879740917
-17.04	1.336	-1.336	-8.45599097066613
-17.04	1.338	-1.338	-8.45035213014023
-17.04	1.34	-1.34	-8.44472223307377
-17.04	1.342	-1.342	-8.43910123704703
-17.04	1.344	-1.344	-8.4334890999746
-17.04	1.346	-1.346	-8.42788578010165
-17.04	1.348	-1.348	-8.42229123600034
-17.04	1.35	-1.35	-8.41670542656622
-17.04	1.352	-1.352	-8.41112831101473
-17.04	1.354	-1.354	-8.40555984887772
-17.04	1.356	-1.356	-8.4
-17.04	1.358	-1.358	-8.39444872453601
-17.04	1.36	-1.36	-8.38890598294644
-17.04	1.362	-1.362	-8.38337173599498
-17.04	1.364	-1.364	-8.37784594474503
-17.04	1.366	-1.366	-8.37232857055659
-17.04	1.368	-1.368	-8.36681957508301
-17.04	1.37	-1.37	-8.36131892026795
-17.04	1.372	-1.372	-8.35582656834228
-17.04	1.374	-1.374	-8.35034248182107
-17.04	1.376	-1.376	-8.34486662350059
-17.04	1.378	-1.378	-8.33939895645537
-17.04	1.38	-1.38	-8.33393944403533
-17.04	1.382	-1.382	-8.32848804986284
-17.04	1.384	-1.384	-8.32304473782995
-17.04	1.386	-1.386	-8.31760947209561
-17.04	1.388	-1.388	-8.31218221708285
-17.04	1.39	-1.39	-8.30676293747612
-17.04	1.392	-1.392	-8.30135159821861
-17.04	1.394	-1.394	-8.29594816450957
-17.04	1.396	-1.396	-8.29055260180172
-17.04	1.398	-1.398	-8.28516487579866
-17.04	1.4	-1.4	-8.27978495245235
-17.04	1.402	-1.402	-8.27441279796057
-17.04	1.404	-1.404	-8.26904837876447
-17.04	1.406	-1.406	-8.26369166154612
-17.04	1.408	-1.408	-8.25834261322606
-17.04	1.41	-1.41	-8.25300120096096
-17.04	1.412	-1.412	-8.24766739214126
-17.04	1.414	-1.414	-8.24234115438881
-17.04	1.416	-1.416	-8.23702245555464
-17.04	1.418	-1.418	-8.23171126371665
-17.04	1.42	-1.42	-8.22640754717736
-17.04	1.422	-1.422	-8.22111127446176
-17.04	1.424	-1.424	-8.2158224143151
-17.04	1.426	-1.426	-8.21054093570072
-17.04	1.428	-1.428	-8.20526680779794
-17.04	1.43	-1.43	-8.2
-17.04	1.432	-1.432	-8.19474048191191
-17.04	1.434	-1.434	-8.18948822334847
-17.04	1.436	-1.436	-8.18424319433222
-17.04	1.438	-1.438	-8.17900536509144
-17.04	1.44	-1.44	-8.1737747060582
-17.04	1.442	-1.442	-8.1685511878664
-17.04	1.444	-1.444	-8.16333478134982
-17.04	1.446	-1.446	-8.15812545754029
-17.04	1.448	-1.448	-8.15292318766573
-17.04	1.45	-1.45	-8.14772794314836
-17.04	1.452	-1.452	-8.14253969560282
-17.04	1.454	-1.454	-8.13735841683441
-17.04	1.456	-1.456	-8.13218407883726
-17.04	1.458	-1.458	-8.12701665379258
-17.04	1.46	-1.46	-8.12185611406694
-17.04	1.462	-1.462	-8.11670243221048
-17.04	1.464	-1.464	-8.11155558095528
-17.04	1.466	-1.466	-8.10641553321364
-17.04	1.468	-1.468	-8.10128226207642
-17.04	1.47	-1.47	-8.09615574081137
-17.04	1.472	-1.472	-8.09103594286159
-17.04	1.474	-1.474	-8.08592284184381
-17.04	1.476	-1.476	-8.08081641154692
-17.04	1.478	-1.478	-8.07571662593028
-17.04	1.48	-1.48	-8.0706234591223
-17.04	1.482	-1.482	-8.0655368854188
-17.04	1.484	-1.484	-8.06045687928156
-17.04	1.486	-1.486	-8.0553834153368
-17.04	1.488	-1.488	-8.0503164683737
-17.04	1.49	-1.49	-8.04525601334296
-17.04	1.492	-1.492	-8.04020202535533
-17.04	1.494	-1.494	-8.0351544796802
-17.04	1.496	-1.496	-8.03011335174416
-17.04	1.498	-1.498	-8.02507861712964
-17.04	1.5	-1.5	-8.02005025157352
-17.04	1.502	-1.502	-8.01502823096575
-17.04	1.504	-1.504	-8.010012531348
-17.04	1.506	-1.506	-8.00500312891236
-17.04	1.508	-1.508	-8
-17.04	1.51	-1.51	-7.99500312109984
-17.04	1.512	-1.512	-7.99001246884732
-17.04	1.514	-1.514	-7.98502802002305
-17.04	1.516	-1.516	-7.98004975155164
-17.04	1.518	-1.518	-7.97507764050038
-17.04	1.52	-1.52	-7.97011166407802
-17.04	1.522	-1.522	-7.9651517996336
-17.04	1.524	-1.524	-7.96019802465517
-17.04	1.526	-1.526	-7.95525031676866
-17.04	1.528	-1.528	-7.95852482606861
-17.04	1.53	-1.53	-7.94477127903627
-17.04	1.532	-1.532	-7.93105115499442
-17.04	1.534	-1.534	-7.91736429189196
-17.04	1.536	-1.536	-7.90371052885348
-17.04	1.538	-1.538	-7.89008970616796
-17.04	1.54	-1.54	-7.87650166527751
-17.04	1.542	-1.542	-7.86294624876632
-17.04	1.544	-1.544	-7.84942330034971
-17.04	1.546	-1.546	-7.83593266486333
-17.04	1.548	-1.548	-7.82247418825246
-17.04	1.55	-1.55	-7.80904771756148
-17.04	1.552	-1.552	-7.79565310092341
-17.04	1.554	-1.554	-7.78229018754962
-17.04	1.556	-1.556	-7.76895882771965
-17.04	1.558	-1.558	-7.75565887277112
-17.04	1.56	-1.56	-7.74239017508982
-17.04	1.562	-1.562	-7.72915258809986
-17.04	1.564	-1.564	-7.71594596625393
-17.04	1.566	-1.566	-7.70277016502375
-17.04	1.568	-1.568	-7.68962504089054
-17.04	1.57	-1.57	-7.67651045133566
-17.04	1.572	-1.572	-7.66342625483131
-17.04	1.574	-1.574	-7.65037231083142
-17.04	1.576	-1.576	-7.63734847976253
-17.04	1.578	-1.578	-7.62435462301488
-17.04	1.58	-1.58	-7.61139060293355
-17.04	1.582	-1.582	-7.59845628280969
-17.04	1.584	-1.584	-7.58555152687188
-17.04	1.586	-1.586	-7.57267620027759
-17.04	1.588	-1.588	-7.55983016910473
-17.04	1.59	-1.59	-7.54701330034327
-17.04	1.592	-1.592	-7.53422546188698
-17.04	1.594	-1.594	-7.52146652252527
-17.04	1.596	-1.596	-7.50873635193511
-17.04	1.598	-1.598	-7.49603482067306
-17.04	1.6	-1.6	-7.48336180016733
-17.04	1.602	-1.602	-7.47071716271
-17.04	1.604	-1.604	-7.4581007814493
-17.04	1.606	-1.606	-7.44551253038197
-17.04	1.608	-1.608	-7.4329522843457
-17.04	1.61	-1.61	-7.42041991901168
-17.04	1.612	-1.612	-7.4079153108772
-17.04	1.614	-1.614	-7.39543833725836
-17.04	1.616	-1.616	-7.38298887628282
-17.04	1.618	-1.618	-7.37056680688271
-17.04	1.62	-1.62	-7.35817200878751
-17.04	1.622	-1.622	-7.34580436251712
-17.04	1.624	-1.624	-7.33346374937487
-17.04	1.626	-1.626	-7.32115005144077
-17.04	1.628	-1.628	-7.30886315156471
-17.04	1.63	-1.63	-7.29660293335974
-17.04	1.632	-1.632	-7.28436928119554
-17.04	1.634	-1.634	-7.27216208019178
-17.04	1.636	-1.636	-7.25998121621172
-17.04	1.638	-1.638	-7.24782657585577
-17.04	1.64	-1.64	-7.23569804645517
-17.04	1.642	-1.642	-7.22359551606571
-17.04	1.644	-1.644	-7.21151887346156
-17.04	1.646	-1.646	-7.19946800812909
-17.04	1.648	-1.648	-7.18744281026084
-17.04	1.65	-1.65	-7.17544317074952
-17.04	1.652	-1.652	-7.16346898118203
-17.04	1.654	-1.654	-7.15152013383362
-17.04	1.656	-1.656	-7.13959652166206
-17.04	1.658	-1.658	-7.1276980383019
-17.04	1.66	-1.66	-7.11582457805876
-17.04	1.662	-1.662	-7.10397603590369
-17.04	1.664	-1.664	-7.09215230746762
-17.04	1.666	-1.666	-7.08035328903585
-17.04	1.668	-1.668	-7.06857887754254
-17.04	1.67	-1.67	-7.05682897056536
-17.04	1.672	-1.672	-7.04510346632013
-17.04	1.674	-1.674	-7.03340226365551
-17.04	1.676	-1.676	-7.02172526204781
-17.04	1.678	-1.678	-7.01007236159574
-17.04	1.68	-1.68	-6.99844346301536
-17.04	1.682	-1.682	-6.98683846763492
-17.04	1.684	-1.684	-6.97525727738993
-17.04	1.686	-1.686	-6.96369979481811
-17.04	1.688	-1.688	-6.95216592305449
-17.04	1.69	-1.69	-6.94065556582658
-17.04	1.692	-1.692	-6.92916862744949
-17.04	1.694	-1.694	-6.91770501282118
-17.04	1.696	-1.696	-6.90626462741776
-17.04	1.698	-1.698	-6.89484737728878
-17.04	1.7	-1.7	-6.8834531690526
-17.04	1.702	-1.702	-6.87208190989185
-17.04	1.704	-1.704	-6.86073350754884
-17.04	1.706	-1.706	-6.8494078703211
-17.04	1.708	-1.708	-6.83810490705693
-17.04	1.71	-1.71	-6.82682452715098
-17.04	1.712	-1.712	-6.81556664053992
-17.04	1.714	-1.714	-6.80433115769811
-17.04	1.716	-1.716	-6.79311798963334
-17.04	1.718	-1.718	-6.78192704788257
-17.04	1.72	-1.72	-6.77075824450778
-17.04	1.722	-1.722	-6.7596114920918
-17.04	1.724	-1.724	-6.74848670373422
-17.04	1.726	-1.726	-6.73738379304731
-17.04	1.728	-1.728	-6.726302674152
-17.04	1.73	-1.73	-6.7152432616739
-17.04	1.732	-1.732	-6.70420547073937
-17.04	1.734	-1.734	-6.69318921697156
-17.04	1.736	-1.736	-6.68219441648658
-17.04	1.738	-1.738	-6.67122098588969
-17.04	1.74	-1.74	-6.66026884227142
NaN	1.742	-1.742	-6.64933790320392
NaN	1.744	-1.744	-6.63842808673714
NaN	1.746	-1.746	-6.62753931139522
NaN	1.748	-1.748	-6.61667149617278
NaN	1.75	-1.75	-6.60582456053135
NaN	1.752	-1.752	-6.59499842439576
NaN	1.754	-1.754	-6.5841930081506
NaN	1.756	-1.756	-6.57340823263672
NaN	1.758	-1.758	-6.56264401914773
NaN	1.76	-1.76	-6.55190028942656
NaN	1.762	-1.762	-6.54117696566206
NaN	1.764	-1.764	-6.53047397048561
NaN	1.766	-1.766	-6.51979122696776
NaN	1.768	-1.768	-6.50912865861491
NaN	1.77	-1.77	-6.49848618936607
NaN	1.772	-1.772	-6.48786374358954
NaN	1.774	-1.774	-6.47726124607973
NaN	1.776	-1.776	-6.46667862205394
NaN	1.778	-1.778	-6.4561157971492
NaN	1.78	-1.78	-6.44557269741916
NaN	1.782	-1.782	-6.43504924933095
NaN	1.784	-1.784	-6.42454537976211
NaN	1.786	-1.786	-6.41406101599757
NaN	1.788	-1.788	-6.40359608572658
NaN	1.79	-1.79	-6.39315051703977
NaN	1.792	-1.792	-6.38272423842614
NaN	1.794	-1.794	-6.37231717877016
NaN	1.796	-1.796	-6.36192926734883
NaN	1.798	-1.798	-6.35156043382882
NaN	1.8	-1.8	-6.34121060826359
NaN	1.802	-1.802	-6.33087972109057
NaN	1.804	-1.804	-6.32056770312837
NaN	1.806	-1.806	-6.31027448557398
NaN	1.808	-1.808	-6.3
NaN	1.81	-1.81	-6.28974417835197
NaN	1.812	-1.812	-6.27950695294558
NaN	1.814	-1.814	-6.26928825646409
NaN	1.816	-1.816	-6.25908802195558
NaN	1.818	-1.818	-6.24890618283038
NaN	1.82	-1.82	-6.23874267285842
NaN	1.822	-1.822	-6.22859742616669
NaN	1.824	-1.824	-6.21847037723665
NaN	1.826	-1.826	-6.20836146090167
NaN	1.828	-1.828	-6.19827061234457
NaN	1.83	-1.83	-6.18819776709507
NaN	1.832	-1.832	-6.17814286102738
NaN	1.834	-1.834	-6.16810583035767
NaN	1.836	-1.836	-6.15808661164172
NaN	1.838	-1.838	-6.14808514177247
NaN	1.84	-1.84	-6.13810135797764
NaN	1.842	-1.842	-6.12813519781738
NaN	1.844	-1.844	-6.11818659918192
NaN	1.846	-1.846	-6.10825550028925
NaN	1.848	-1.848	-6.09834183968278
NaN	1.85	-1.85	-6.08844555622915
NaN	1.852	-1.852	-6.07856658911586
NaN	1.854	-1.854	-6.0687048778491
NaN	1.856	-1.856	-6.05886036225151
NaN	1.858	-1.858	-6.04903298245997
NaN	1.86	-1.86	-6.03922267892341
NaN	1.862	-1.862	-6.02942939240066
NaN	1.864	-1.864	-6.01965306395829
NaN	1.866	-1.866	-6.0098936349685
NaN	1.868	-1.868	-6.00015104710699
NaN	1.87	-1.87	-5.99042524235087
NaN	1.872	-1.872	-5.98071616297662
NaN	1.874	-1.874	-5.97102375155799
NaN	1.876	-1.876	-5.96134795096398
NaN	1.878	-1.878	-5.95168870435682
NaN	1.88	-1.88	-5.94204595518999
NaN	1.882	-1.882	-5.93241964720618
NaN	1.884	-1.884	-5.92280972443537
NaN	1.886	-1.886	-5.91321613119285
NaN	1.888	-1.888	-5.9036388120773
NaN	1.89	-1.89	-5.89407771196885
NaN	1.892	-1.892	-5.88453277602721
NaN	1.894	-1.894	-5.87500394968976
NaN	1.896	-1.896	-5.86549117866965
NaN	1.898	-1.898	-5.85599440895403
NaN	1.9	-1.9	-5.8465135868021
NaN	1.902	-1.902	-5.83704865874337
NaN	1.904	-1.904	-5.82759957157583
NaN	1.906	-1.906	-5.81816627236412
NaN	1.908	-1.908	-5.8087487084378
NaN	1.91	-1.91	-5.79934682738956
NaN	1.912	-1.912	-5.78996057707345
NaN	1.914	-1.914	-5.7805899056032
NaN	1.916	-1.916	-5.77123476135046
NaN	1.918	-1.918	-5.76189509294307
NaN	1.92	-1.92	-5.75257084926345
NaN	1.922	-1.922	-5.74326197944682
NaN	1.924	-1.924	-5.73396843287962
NaN	1.926	-1.926	-5.72469015919779
NaN	1.928	-1.928	-5.7154271082852
NaN	1.93	-1.93	-5.70617923027196
NaN	1.932	-1.932	-5.69694647553287
NaN	1.934	-1.934	-5.68772879468577
NaN	1.936	-1.936	-5.67852613858999
NaN	1.938	-1.938	-5.66933845834475
NaN	1.94	-1.94	-5.66016570528764
NaN	1.942	-1.942	-5.65100783099303
NaN	1.944	-1.944	-5.64186478727056
NaN	1.946	-1.946	-5.63273652616364
NaN	1.948	-1.948	-5.62362299994787
NaN	1.95	-1.95	-5.61452416112963
NaN	1.952	-1.952	-5.60543996244453
NaN	1.954	-1.954	-5.59637035685596
NaN	1.956	-1.956	-5.58731529755366
NaN	1.958	-1.958	-5.57827473795219
NaN	1.96	-1.96	-5.56924863168958
NaN	1.962	-1.962	-5.56023693262586
NaN	1.964	-1.964	-5.55123959484162
NaN	1.966	-1.966	-5.54225657263667
NaN	1.968	-1.968	-5.53328782052861
NaN	1.97	-1.97	-5.52433329325142
NaN	1.972	-1.972	-5.51539294575416
NaN	1.974	-1.974	-5.50646673319955
NaN	1.976	-1.976	-5.49755461096264
NaN	1.978	-1.978	-5.48865653462949
NaN	1.98	-1.98	-5.47977245999579
NaN	1.982	-1.982	-5.47090234306561
NaN	1.984	-1.984	-5.46204614005006
NaN	1.986	-1.986	-5.45320380736597
NaN	1.988	-1.988	-5.44437530163464
NaN	1.99	-1.99	-5.43556057968054
NaN	1.992	-1.992	-5.42675959853008
NaN	1.994	-1.994	-5.41797231541028
NaN	1.996	-1.996	-5.40919868774761
NaN	1.998	-1.998	-5.40043867316669
NaN	2	-2	-5.39169222948908
NaN	2.002	-2.002	-5.38295931473206
NaN	2.004	-2.004	-5.37423988710746
NaN	2.006	-2.006	-5.36553390502037
NaN	2.008	-2.008	-5.35684132706805
NaN	2.01	-2.01	-5.34816211203867
NaN	2.012	-2.012	-5.33949621891021
NaN	2.014	-2.014	-5.33084360684921
NaN	2.016	-2.016	-5.32220423520969
NaN	2.018	-2.018	-5.31357806353199
NaN	2.02	-2.02	-5.30496505154159
NaN	2.022	-2.022	-5.29636515914802
NaN	2.024	-2.024	-5.28777834644375
NaN	2.026	-2.026	-5.27920457370304
NaN	2.028	-2.028	-5.27064380138088
NaN	2.03	-2.03	-5.26209599011185
NaN	2.032	-2.032	-5.25356110070907
NaN	2.034	-2.034	-5.24503909416312
NaN	2.036	-2.036	-5.23652993164094
NaN	2.038	-2.038	-5.22803357448481
NaN	2.04	-2.04	-5.21954998421126
NaN	2.042	-2.042	-5.21107912251003
NaN	2.044	-2.044	-5.20262095124308
NaN	2.046	-2.046	-5.19417543244347
NaN	2.048	-2.048	-5.18574252831443
NaN	2.05	-2.05	-5.17732220122827
NaN	2.052	-2.052	-5.16891441372544
NaN	2.054	-2.054	-5.16051912851347
NaN	2.056	-2.056	-5.15213630846601
NaN	2.058	-2.058	-5.14376591662185
NaN	2.06	-2.06	-5.1354079161839
NaN	2.062	-2.062	-5.12706227051829
NaN	2.064	-2.064	-5.11872894315335
NaN	2.066	-2.066	-5.11040789777865
NaN	2.068	-2.068	-5.1020990982441
NaN	2.07	-2.07	-5.09380250855896
NaN	2.072	-2.072	-5.08551809289094
NaN	2.074	-2.074	-5.07724581556525
NaN	2.076	-2.076	-5.06898564106366
NaN	2.078	-2.078	-5.06073753402364
NaN	2.08	-2.08	-5.0525014592374
NaN	2.082	-2.082	-5.04427738165101
NaN	2.084	-2.084	-5.03606526636352
NaN	2.086	-2.086	-5.02786507862603
NaN	2.088	-2.088	-5.01967678384085
NaN	2.09	-2.09	-5.01150034756059
NaN	2.092	-2.092	-5.00333573548732
NaN	2.094	-2.094	-4.99518291347168
NaN	2.096	-2.096	-4.98704184751206
NaN	2.098	-2.098	-4.97891250375369
NaN	2.1	-2.1	-4.97079484848786
NaN	2.102	-2.102	-4.96268884815105
NaN	2.104	-2.104	-4.95459446932408
NaN	2.106	-2.106	-4.94651167873131
NaN	2.108	-2.108	-4.93844044323983
NaN	2.11	-2.11	-4.93038072985861
NaN	2.112	-2.112	-4.9223325057377
NaN	2.114	-2.114	-4.91429573816746
NaN	2.116	-2.116	-4.90627039457771
NaN	2.118	-2.118	-4.89825644253699
NaN	2.12	-2.12	-4.89025384975172
NaN	2.122	-2.122	-4.88226258406548
NaN	2.124	-2.124	-4.87428261345817
NaN	2.126	-2.126	-4.8663139060453
NaN	2.128	-2.128	-4.85835643007719
NaN	2.13	-2.13	-4.85041015393821
NaN	2.132	-2.132	-4.84247504614604
NaN	2.134	-2.134	-4.83455107535092
NaN	2.136	-2.136	-4.8266382103349
NaN	2.138	-2.138	-4.81873642001112
NaN	2.14	-2.14	-4.81084567342305
NaN	2.142	-2.142	-4.80296593974377
NaN	2.144	-2.144	-4.79509718827527
NaN	2.146	-2.146	-4.7872393884477
NaN	2.148	-2.148	-4.77939250981868
NaN	2.15	-2.15	-4.77155652207259
NaN	2.152	-2.152	-4.76373139501986
NaN	2.154	-2.154	-4.75591709859627
NaN	2.156	-2.156	-4.74811360286226
NaN	2.158	-2.158	-4.74032087800225
NaN	2.16	-2.16	-4.73253889432395
NaN	2.162	-2.162	-4.72476762225768
NaN	2.164	-2.164	-4.71700703235569
NaN	2.166	-2.166	-4.7092570952915
NaN	2.168	-2.168	-4.70151778185924
NaN	2.17	-2.17	-4.69378906297298
NaN	2.172	-2.172	-4.68607090966608
NaN	2.174	-2.174	-4.67836329309051
NaN	2.176	-2.176	-4.67066618451625
NaN	2.178	-2.178	-4.66297955533064
NaN	2.18	-2.18	-4.65530337703768
NaN	2.182	-2.182	-4.6476376212575
NaN	2.184	-2.184	-4.63998225972563
NaN	2.186	-2.186	-4.63233726429243
NaN	2.188	-2.188	-4.62470260692248
NaN	2.19	-2.19	-4.6170782596939
NaN	2.192	-2.192	-4.60946419479782
NaN	2.194	-2.194	-4.60186038453769
NaN	2.196	-2.196	-4.59426680132875
NaN	2.198	-2.198	-4.58668341769736
NaN	2.2	-2.2	-4.57911020628048
NaN	2.202	-2.202	-4.57154713982499
NaN	2.204	-2.204	-4.56399419118717
NaN	2.206	-2.206	-4.55645133333211
NaN	2.208	-2.208	-4.54891853933307
NaN	NaN	NaN	-4.54139578237098
NaN	NaN	NaN	-4.53388303573382
NaN	NaN	NaN	-4.52638027281606
NaN	NaN	NaN	-4.51888746711811
NaN	NaN	NaN	-4.51140459224572
NaN	NaN	NaN	-4.50393162190949
NaN	NaN	NaN	-4.49646852992422
NaN	NaN	NaN	-4.48901529020847
NaN	NaN	NaN	-4.48157187678393
NaN	NaN	NaN	-4.47413826377488
NaN	NaN	NaN	-4.46671442540772
NaN	NaN	NaN	-4.45930033601036
NaN	NaN	NaN	-4.45189597001172
NaN	NaN	NaN	-4.4445013019412
NaN	NaN	NaN	-4.43711630642814
NaN	NaN	NaN	-4.42974095820132
NaN	NaN	NaN	-4.42237523208842
NaN	NaN	NaN	-4.41501910301551
NaN	NaN	NaN	-4.40767254600657
NaN	NaN	NaN	-4.40033553618291
NaN	NaN	NaN	-4.39300804876273
NaN	NaN	NaN	-4.3856900590606
NaN	NaN	NaN	-4.37838154248695
NaN	NaN	NaN	-4.37108247454757
NaN	NaN	NaN	-4.36379283084314
NaN	NaN	NaN	-4.35651258706872
NaN	NaN	NaN	-4.34924171901328
NaN	NaN	NaN	-4.34198020255921
NaN	NaN	NaN	-4.33472801368183
NaN	NaN	NaN	-4.32748512844892
NaN	NaN	NaN	-4.32025152302027
NaN	NaN	NaN	-4.31302717364715
NaN	NaN	NaN	-4.30581205667191
NaN	NaN	NaN	-4.29860614852747
NaN	NaN	NaN	-4.29140942573689
NaN	NaN	NaN	-4.28422186491287
NaN	NaN	NaN	-4.27704344275733
NaN	NaN	NaN	-4.26987413606095
NaN	NaN	NaN	-4.26271392170271
NaN	NaN	NaN	-4.25556277664943
NaN	NaN	NaN	-4.24842067795537
NaN	NaN	NaN	-4.24128760276176
NaN	NaN	NaN	-4.23416352829632
NaN	NaN	NaN	-4.22704843187292
NaN	NaN	NaN	-4.21994229089106
NaN	NaN	NaN	-4.21284508283547
NaN	NaN	NaN	-4.20575678527571
NaN	NaN	NaN	-4.19867737586569
NaN	NaN	NaN	-4.19160683234328
NaN	NaN	NaN	-4.1845451325299
NaN	NaN	NaN	-4.17749225433008
NaN	NaN	NaN	-4.17044817573104
NaN	NaN	NaN	-4.16341287480232
NaN	NaN	NaN	-4.1563863296953
NaN	NaN	NaN	-4.14936851864288
NaN	NaN	NaN	-4.14235941995899
NaN	NaN	NaN	-4.13535901203825
NaN	NaN	NaN	-4.12836727335555
NaN	NaN	NaN	-4.12138418246563
NaN	NaN	NaN	-4.11440971800272
NaN	NaN	NaN	-4.10744385868014
NaN	NaN	NaN	-4.10048658328989
NaN	NaN	NaN	-4.09353787070228
NaN	NaN	NaN	-4.08659769986555
NaN	NaN	NaN	-4.07966604980547
NaN	NaN	NaN	-4.07274289962498
NaN	NaN	NaN	-4.06582822850377
NaN	NaN	NaN	-4.05892201569797
NaN	NaN	NaN	-4.05202424053973
NaN	NaN	NaN	-4.04513488243685
NaN	NaN	NaN	-4.03825392087244
NaN	NaN	NaN	-4.03138133540451
NaN	NaN	NaN	-4.02451710566566
NaN	NaN	NaN	-4.01766121136266
NaN	NaN	NaN	-4.01081363227614
NaN	NaN	NaN	-4.0039743482602
NaN	NaN	NaN	-3.99714333924206
NaN	NaN	NaN	-3.99032058522173
NaN	NaN	NaN	-3.98350606627161
NaN	NaN	NaN	-3.97669976253621
NaN	NaN	NaN	-3.96990165423173
NaN	NaN	NaN	-3.96311172164576
NaN	NaN	NaN	-3.95632994513693
NaN	NaN	NaN	-3.94955630513457
NaN	NaN	NaN	-3.94279078213834
NaN	NaN	NaN	-3.93603335671796
NaN	NaN	NaN	-3.92928400951279
NaN	NaN	NaN	-3.92254272123158
NaN	NaN	NaN	-3.91580947265207
NaN	NaN	NaN	-3.90908424462071
NaN	NaN	NaN	-3.90236701805231
NaN	NaN	NaN	-3.89565777392973
NaN	NaN	NaN	-3.88895649330352
NaN	NaN	NaN	-3.88226315729165
NaN	NaN	NaN	-3.87557774707917
NaN	NaN	NaN	-3.86890024391786
NaN	NaN	NaN	-3.86223062912598
NaN	NaN	NaN	-3.85556888408789
NaN	NaN	NaN	-3.84891499025378
NaN	NaN	NaN	-3.84226892913936
NaN	NaN	NaN	-3.83563068232553
NaN	NaN	NaN	-3.82900023145807
NaN	NaN	NaN	-3.82237755824737
NaN	NaN	NaN	-3.8157626444681
NaN	NaN	NaN	-3.80915547195893
NaN	NaN	NaN	-3.80255602262218
NaN	NaN	NaN	-3.79596427842359
NaN	NaN	NaN	-3.789380221392
NaN	NaN	NaN	-3.78280383361902
NaN	NaN	NaN	-3.77623509725879
NaN	NaN	NaN	-3.76967399452766
NaN	NaN	NaN	-3.7631205077039
NaN	NaN	NaN	-3.75657461912745
NaN	NaN	NaN	-3.75003631119956
NaN	NaN	NaN	-3.74350556638259
NaN	NaN	NaN	-3.73698236719966
NaN	NaN	NaN	-3.73046669623444
NaN	NaN	NaN	-3.72395853613078
NaN	NaN	NaN	-3.71745786959251
NaN	NaN	NaN	-3.71096467938313
NaN	NaN	NaN	-3.70447894832555
NaN	NaN	NaN	-3.6980006593018
NaN	NaN	NaN	-3.69152979525276
NaN	NaN	NaN	-3.68506633917793
NaN	NaN	NaN	-3.6786102741351
NaN	NaN	NaN	-3.67216158324012
NaN	NaN	NaN	-3.66572024966664
NaN	NaN	NaN	-3.65928625664584
NaN	NaN	NaN	-3.65285958746614
NaN	NaN	NaN	-3.64644022547298
NaN	NaN	NaN	-3.64002815406855
NaN	NaN	NaN	-3.63362335671151
NaN	NaN	NaN	-3.62722581691678
NaN	NaN	NaN	-3.62083551825522
NaN	NaN	NaN	-3.61445244435344
NaN	NaN	NaN	-3.60807657889351
NaN	NaN	NaN	-3.60170790561273
NaN	NaN	NaN	-3.59534640830336
NaN	NaN	NaN	-3.58899207081239
NaN	NaN	NaN	-3.5826448770413
NaN	NaN	NaN	-3.5763048109458
NaN	NaN	NaN	-3.56997185653557
NaN	NaN	NaN	-3.56364599787407
NaN	NaN	NaN	-3.55732721907824
NaN	NaN	NaN	-3.55101550431831
NaN	NaN	NaN	-3.54471083781754
NaN	NaN	NaN	-3.53841320385197
NaN	NaN	NaN	-3.53212258675021
NaN	NaN	NaN	-3.5258389708932
NaN	NaN	NaN	-3.51956234071395
NaN	NaN	NaN	-3.51329268069735
NaN	NaN	NaN	-3.50702997537993
NaN	NaN	NaN	-3.50077420934959
NaN	NaN	NaN	-3.49452536724545
NaN	NaN	NaN	-3.48828343375753
NaN	NaN	NaN	-3.4820483936266
NaN	NaN	NaN	-3.47582023164393
NaN	NaN	NaN	-3.46959893265106
NaN	NaN	NaN	-3.46338448153959
NaN	NaN	NaN	-3.45717686325095
NaN	NaN	NaN	-3.45097606277619
NaN	NaN	NaN	-3.44478206515576
NaN	NaN	NaN	-3.43859485547928
NaN	NaN	NaN	-3.43241441888536
NaN	NaN	NaN	-3.42624074056134
NaN	NaN	NaN	-3.42007380574311
NaN	NaN	NaN	-3.4139135997149
NaN	NaN	NaN	-3.40776010780902
NaN	NaN	NaN	-3.40161331540572
NaN	NaN	NaN	-3.39547320793295
NaN	NaN	NaN	-3.38933977086613
NaN	NaN	NaN	-3.38321298972799
NaN	NaN	NaN	-3.37709285008831
NaN	NaN	NaN	-3.37097933756378
NaN	NaN	NaN	-3.36487243781775
NaN	NaN	NaN	-3.35877213656002
NaN	NaN	NaN	-3.35267841954671
NaN	NaN	NaN	-3.34659127257996
NaN	NaN	NaN	-3.34051068150783
NaN	NaN	NaN	-3.33443663222401
NaN	NaN	NaN	-3.32836911066772
NaN	NaN	NaN	-3.32230810282341
NaN	NaN	NaN	-3.31625359472067
NaN	NaN	NaN	-3.31020557243396
NaN	NaN	NaN	-3.30416402208244
NaN	NaN	NaN	-3.2981289298298
NaN	NaN	NaN	-3.29210028188405
NaN	NaN	NaN	-3.28607806449733
NaN	NaN	NaN	-3.28006226396573
NaN	NaN	NaN	-3.27405286662909
NaN	NaN	NaN	-3.26804985887083
NaN	NaN	NaN	-3.26205322711776
NaN	NaN	NaN	-3.2560629578399
NaN	NaN	NaN	-3.25007903755027
NaN	NaN	NaN	-3.24410145280475
NaN	NaN	NaN	-3.23813019020186
NaN	NaN	NaN	-3.23216523638262
NaN	NaN	NaN	-3.22620657803031
NaN	NaN	NaN	-3.22025420187037
NaN	NaN	NaN	-3.21430809467015
NaN	NaN	NaN	-3.20836824323879
NaN	NaN	NaN	-3.202434634427
NaN	NaN	NaN	-3.19650725512693
NaN	NaN	NaN	-3.19058609227193
NaN	NaN	NaN	-3.18467113283647
NaN	NaN	NaN	-3.17876236383587
NaN	NaN	NaN	-3.1728597723262
NaN	NaN	NaN	-3.16696334540409
NaN	NaN	NaN	-3.16107307020654
NaN	NaN	NaN	-3.15518893391078
NaN	NaN	NaN	-3.14931092373408
NaN	NaN	NaN	-3.1434390269336
NaN	NaN	NaN	-3.13757323080622
NaN	NaN	NaN	-3.13171352268837
NaN	NaN	NaN	-3.12585988995587
NaN	NaN	NaN	-3.12001232002376
NaN	NaN	NaN	-3.11417080034615
NaN	NaN	NaN	-3.10833531841605
NaN	NaN	NaN	-3.10250586176522
NaN	NaN	NaN	-3.09668241796399
NaN	NaN	NaN	-3.09086497462111
NaN	NaN	NaN	-3.0850535193836
NaN	NaN	NaN	-3.0792480399366
NaN	NaN	NaN	-3.07344852400317
NaN	NaN	NaN	-3.06765495934419
NaN	NaN	NaN	-3.06186733375818
NaN	NaN	NaN	-3.05608563508112
NaN	NaN	NaN	-3.05030985118635
NaN	NaN	NaN	-3.04453996998438
NaN	NaN	NaN	-3.03877597942274
NaN	NaN	NaN	-3.03301786748584
NaN	NaN	NaN	-3.02726562219482
NaN	NaN	NaN	-3.02151923160741
NaN	NaN	NaN	-3.01577868381773
NaN	NaN	NaN	-3.01004396695622
NaN	NaN	NaN	-3.00431506918942
NaN	NaN	NaN	-2.99859197871989
NaN	NaN	NaN	-2.992874683786
NaN	NaN	NaN	-2.98716317266184
NaN	NaN	NaN	-2.98145743365702
NaN	NaN	NaN	-2.97575745511659
NaN	NaN	NaN	-2.97006322542085
NaN	NaN	NaN	-2.96437473298522
NaN	NaN	NaN	-2.9586919662601
NaN	NaN	NaN	-2.95301491373074
NaN	NaN	NaN	-2.94734356391709
NaN	NaN	NaN	-2.94167790537365
NaN	NaN	NaN	-2.93601792668935
NaN	NaN	NaN	-2.9303636164874
NaN	NaN	NaN	NaN
NaN	NaN	NaN	NaN
NaN	NaN	NaN	NaN
NaN	NaN	NaN	NaN
NaN	NaN	NaN	NaN
NaN	NaN	NaN	NaN
NaN	NaN	NaN	NaN
NaN	NaN	NaN	NaN
NaN	NaN	NaN	NaN
NaN	NaN	NaN	NaN
NaN	NaN	NaN	NaN
NaN	NaN	NaN	NaN
NaN	NaN	NaN	NaN
NaN	NaN	NaN	NaN
NaN	NaN	NaN	NaN
NaN	NaN	NaN	NaN
NaN	NaN	NaN	NaN
NaN	NaN	NaN	NaN
NaN	NaN	NaN	NaN
NaN	NaN	NaN	NaN
NaN	NaN	NaN	NaN
NaN	NaN	NaN	NaN
NaN	NaN	NaN	NaN
NaN	NaN	NaN	NaN
NaN	NaN	NaN	NaN
NaN	NaN	NaN	NaN
NaN	NaN	NaN	NaN
NaN	NaN	NaN	NaN
NaN	NaN	NaN	NaN
NaN	NaN	NaN	NaN
NaN	NaN	NaN	NaN
NaN	NaN	NaN	NaN
NaN	NaN	NaN	NaN
NaN	NaN	NaN	NaN
NaN	NaN	NaN	NaN
NaN	NaN	NaN	NaN
NaN	NaN	NaN	NaN
NaN	NaN	NaN	NaN
NaN	NaN	NaN	NaN
NaN	NaN	NaN	NaN
NaN	NaN	NaN	NaN
NaN	NaN	NaN	NaN
NaN	NaN	NaN	NaN
NaN	NaN	NaN	NaN
NaN	NaN	NaN	NaN
NaN	NaN	NaN	NaN
NaN	NaN	NaN	NaN
NaN	NaN	NaN	NaN
NaN	NaN	NaN	NaN
NaN	NaN	NaN	NaN
NaN	NaN	NaN	NaN
NaN	NaN	NaN	NaN
NaN	NaN	NaN	NaN
NaN	NaN	NaN	NaN
NaN	NaN	NaN	NaN
NaN	NaN	NaN	NaN
NaN	NaN	NaN	NaN
NaN	NaN	NaN	NaN
NaN	NaN	NaN	NaN
NaN	NaN	NaN	NaN
NaN	NaN	NaN	NaN
NaN	NaN	NaN	NaN
NaN	NaN	NaN	NaN
NaN	NaN	NaN	NaN
NaN	NaN	NaN	NaN
NaN	NaN	NaN	NaN
NaN	NaN	NaN	NaN
NaN	NaN	NaN	NaN
NaN	NaN	NaN	NaN
NaN	NaN	NaN	NaN
NaN	NaN	NaN	NaN
NaN	NaN	NaN	NaN
NaN	NaN	NaN	NaN
NaN	NaN	NaN	NaN
NaN	NaN	NaN	NaN
NaN	NaN	NaN	NaN
NaN	NaN	NaN	NaN
NaN	NaN	NaN	NaN
NaN	NaN	NaN	NaN
NaN	NaN	NaN	NaN
NaN	NaN	NaN	NaN
NaN	NaN	NaN	NaN
NaN	NaN	NaN	NaN
NaN	NaN	NaN	NaN
NaN	NaN	NaN	NaN
NaN	NaN	NaN	NaN
NaN	NaN	NaN	NaN
NaN	NaN	NaN	NaN
NaN	NaN	NaN	NaN
NaN	NaN	NaN	NaN
NaN	NaN	NaN	NaN
NaN	NaN	NaN	NaN
NaN	NaN	NaN	NaN
NaN	NaN	NaN	NaN
NaN	NaN	NaN	NaN
NaN	NaN	NaN	NaN
NaN	NaN	NaN	NaN
NaN	NaN	NaN	NaN
NaN	NaN	NaN	NaN
NaN	NaN	NaN	NaN
NaN	NaN	NaN	NaN
NaN	NaN	NaN	NaN
NaN	NaN	NaN	NaN
NaN	NaN	NaN	NaN
NaN	NaN	NaN	NaN
NaN	NaN	NaN	NaN
NaN	NaN	NaN	NaN
NaN	NaN	NaN	NaN
NaN	NaN	NaN	NaN
NaN	NaN	NaN	NaN
NaN	NaN	NaN	NaN
NaN	NaN	NaN	NaN
NaN	NaN	NaN	NaN
NaN	NaN	NaN	NaN
NaN	NaN	NaN	NaN
NaN	NaN	NaN	NaN
NaN	NaN	NaN	NaN
NaN	NaN	NaN	NaN
NaN	NaN	NaN	NaN
NaN	NaN	NaN	NaN
NaN	NaN	NaN	NaN
NaN	NaN	NaN	NaN
NaN	NaN	NaN	NaN
NaN	NaN	NaN	NaN
NaN	NaN	NaN	NaN
NaN	NaN	NaN	NaN
NaN	NaN	NaN	NaN
NaN	NaN	NaN	NaN
NaN	NaN	NaN	NaN
NaN	NaN	NaN	NaN
NaN	NaN	NaN	NaN
NaN	NaN	NaN	NaN
NaN	NaN	NaN	NaN
NaN	NaN	NaN	NaN
NaN	NaN	NaN	NaN
NaN	NaN	NaN	NaN
NaN	NaN	NaN	NaN
NaN	NaN	NaN	NaN
NaN	NaN	NaN	NaN
NaN	NaN	NaN	NaN
NaN	NaN	NaN	NaN
NaN	NaN	NaN	NaN
NaN	NaN	NaN	NaN
NaN	NaN	NaN	NaN
NaN	NaN	NaN	NaN
NaN	NaN	NaN	NaN
NaN	NaN	NaN	NaN
NaN	NaN	NaN	NaN
NaN	NaN	NaN	NaN
NaN	NaN	NaN	NaN
NaN	NaN	NaN	NaN
NaN	NaN	NaN	NaN
NaN	NaN	NaN	NaN
NaN	NaN	NaN	NaN
NaN	NaN	NaN	NaN
NaN	NaN	NaN	NaN
NaN	NaN	NaN	NaN
NaN	NaN	NaN	NaN
NaN	NaN	NaN	NaN
NaN	NaN	NaN	NaN
NaN	NaN	NaN	NaN
NaN	NaN	NaN	NaN
NaN	NaN	NaN	NaN
NaN	NaN	NaN	NaN
NaN	NaN	NaN	NaN
NaN	NaN	NaN	NaN
NaN	NaN	NaN	NaN
NaN	NaN	NaN	NaN
NaN	NaN	NaN	NaN
NaN	NaN	NaN	NaN
NaN	NaN	NaN	NaN
NaN	NaN	NaN	NaN
NaN	NaN	NaN	NaN
NaN	NaN	NaN	NaN
NaN	NaN	NaN	NaN
NaN	NaN	NaN	NaN
NaN	NaN	NaN	NaN
NaN	NaN	NaN	NaN
NaN	NaN	NaN	NaN
NaN	NaN	NaN	NaN
NaN	NaN	NaN	NaN
NaN	NaN	NaN	NaN
NaN	NaN	NaN	NaN
NaN	NaN	NaN	NaN
NaN	NaN	NaN	NaN
NaN	NaN	NaN	NaN
NaN	NaN	NaN	NaN
NaN	NaN	NaN	NaN
NaN	NaN	NaN	NaN
NaN	NaN	NaN	NaN
NaN	NaN	NaN	NaN
NaN	NaN	NaN	NaN
NaN	NaN	NaN	NaN
NaN	NaN	NaN	NaN
NaN	NaN	NaN	NaN
NaN	NaN	NaN	NaN
NaN	NaN	NaN	NaN
NaN	NaN	NaN	NaN
NaN	NaN	NaN	NaN
NaN	NaN	NaN	NaN
NaN	NaN	NaN	NaN
NaN	NaN	NaN	NaN
NaN	NaN	NaN	NaN
NaN	NaN	NaN	NaN
NaN	NaN	NaN	NaN
NaN	NaN	NaN	NaN
NaN	NaN	NaN	NaN
NaN	NaN	NaN	NaN
NaN	NaN	NaN	NaN
NaN	NaN	NaN	NaN
NaN	NaN	NaN	NaN
NaN	NaN	NaN	NaN
NaN	NaN	NaN	NaN
NaN	NaN	NaN	NaN
NaN	NaN	NaN	NaN
NaN	NaN	NaN	NaN
NaN	NaN	NaN	NaN
NaN	NaN	NaN	NaN
NaN	NaN	NaN	NaN
NaN	NaN	NaN	NaN
NaN	NaN	NaN	NaN
NaN	NaN	NaN	NaN
NaN	NaN	NaN	NaN
NaN	NaN	NaN	NaN
NaN	NaN	NaN	NaN
NaN	NaN	NaN	NaN
NaN	NaN	NaN	NaN
NaN	NaN	NaN	NaN
NaN	NaN	NaN	NaN
NaN	NaN	NaN	NaN
NaN	NaN	NaN	NaN
NaN	NaN	NaN	NaN
NaN	NaN	NaN	NaN
NaN	NaN	NaN	NaN
NaN	NaN	NaN	NaN
NaN	NaN	NaN	NaN
NaN	NaN	NaN	NaN
NaN	NaN	NaN	NaN
NaN	NaN	NaN	NaN
NaN	NaN	NaN	NaN
NaN	NaN	NaN	NaN
NaN	NaN	NaN	NaN
NaN	NaN	NaN	NaN
NaN	NaN	NaN	NaN
NaN	NaN	NaN	NaN
NaN	NaN	NaN	NaN
NaN	NaN	NaN	NaN
NaN	NaN	NaN	NaN
NaN	NaN	NaN	NaN
NaN	NaN	NaN	NaN
NaN	NaN	NaN	NaN
NaN	NaN	NaN	NaN
NaN	NaN	NaN	NaN
NaN	NaN	NaN	NaN
NaN	NaN	NaN	NaN
NaN	NaN	NaN	NaN
NaN	NaN	NaN	NaN
NaN	NaN	NaN	NaN
NaN	NaN	NaN	NaN
NaN	NaN	NaN	NaN
NaN	NaN	NaN	NaN
NaN	NaN	NaN	NaN
NaN	NaN	NaN	NaN
NaN	NaN	NaN	NaN
NaN	NaN	NaN	NaN
NaN	NaN	NaN	NaN
NaN	NaN	NaN	NaN
NaN	NaN	NaN	NaN
NaN	NaN	NaN	NaN
NaN	NaN	NaN	NaN
NaN	NaN	NaN	NaN
NaN	NaN	NaN	NaN
NaN	NaN	NaN	NaN
NaN	NaN	NaN	NaN
NaN	NaN	NaN	NaN
NaN	NaN	NaN	NaN
NaN	NaN	NaN	NaN
NaN	NaN	NaN	NaN
NaN	NaN	NaN	NaN
NaN	NaN	NaN	NaN
NaN	NaN	NaN	NaN
NaN	NaN	NaN	NaN
NaN	NaN	NaN	NaN
NaN	NaN	NaN	NaN
NaN	NaN	NaN	NaN
NaN	NaN	NaN	NaN
NaN	NaN	NaN	NaN
NaN	NaN	NaN	NaN
NaN	NaN	NaN	NaN
NaN	NaN	NaN	NaN
NaN	NaN	NaN	NaN
NaN	NaN	NaN	NaN
NaN	NaN	NaN	NaN
NaN	NaN	NaN	NaN
NaN	NaN	NaN	NaN
NaN	NaN	NaN	NaN
NaN	NaN	NaN	NaN
NaN	NaN	NaN	NaN
NaN	NaN	NaN	NaN
NaN	NaN	NaN	NaN
NaN	NaN	NaN	NaN
NaN	NaN	NaN	NaN
NaN	NaN	NaN	NaN
NaN	NaN	NaN	NaN
NaN	NaN	NaN	NaN
NaN	NaN	NaN	NaN
NaN	NaN	NaN	NaN
NaN	NaN	NaN	NaN
NaN	NaN	NaN	NaN
NaN	NaN	NaN	NaN
NaN	NaN	NaN	NaN
NaN	NaN	NaN	NaN
NaN	NaN	NaN	NaN
NaN	NaN	NaN	NaN
NaN	NaN	NaN	NaN
NaN	NaN	NaN	NaN
NaN	NaN	NaN	NaN
NaN	NaN	NaN	NaN
NaN	NaN	NaN	NaN
NaN	NaN	NaN	NaN
NaN	NaN	NaN	NaN
NaN	NaN	NaN	NaN
NaN	NaN	NaN	NaN
NaN	NaN	NaN	NaN
NaN	NaN	NaN	NaN
NaN	NaN	NaN	NaN
NaN	NaN	NaN	NaN
NaN	NaN	NaN	NaN
NaN	NaN	NaN	NaN
NaN	NaN	NaN	NaN
NaN	NaN	NaN	NaN
NaN	NaN	NaN	NaN
NaN	NaN	NaN	NaN
NaN	NaN	NaN	NaN
NaN	NaN	NaN	NaN
NaN	NaN	NaN	NaN
NaN	NaN	NaN	NaN
NaN	NaN	NaN	NaN
NaN	NaN	NaN	NaN
NaN	NaN	NaN	NaN
NaN	NaN	NaN	NaN
NaN	NaN	NaN	NaN
NaN	NaN	NaN	NaN
NaN	NaN	NaN	NaN
NaN	NaN	NaN	NaN
NaN	NaN	NaN	NaN
NaN	NaN	NaN	NaN
NaN	NaN	NaN	NaN
NaN	NaN	NaN	NaN
NaN	NaN	NaN	NaN
NaN	NaN	NaN	NaN
NaN	NaN	NaN	NaN
NaN	NaN	NaN	NaN
NaN	NaN	NaN	NaN
NaN	NaN	NaN	NaN
NaN	NaN	NaN	NaN
NaN	NaN	NaN	NaN
NaN	NaN	NaN	NaN
NaN	NaN	NaN	NaN
NaN	NaN	NaN	NaN
NaN	NaN	NaN	NaN
NaN	NaN	NaN	NaN
NaN	NaN	NaN	NaN
NaN	NaN	NaN	NaN
NaN	NaN	NaN	NaN
NaN	NaN	NaN	NaN
NaN	NaN	NaN	NaN
NaN	NaN	NaN	NaN
NaN	NaN	NaN	NaN
NaN	NaN	NaN	NaN
NaN	NaN	NaN	NaN
NaN	NaN	NaN	NaN
NaN	NaN	NaN	NaN
NaN	NaN	NaN	NaN
NaN	NaN	NaN	NaN
NaN	NaN	NaN	NaN
NaN	NaN	NaN	NaN
NaN	NaN	NaN	NaN
NaN	NaN	NaN	NaN
NaN	NaN	NaN	NaN
NaN	NaN	NaN	NaN
NaN	NaN	NaN	NaN
NaN	NaN	NaN	NaN
NaN	NaN	NaN	NaN
NaN	NaN	NaN	NaN
NaN	NaN	NaN	NaN
NaN	NaN	NaN	NaN
NaN	NaN	NaN	NaN
NaN	NaN	NaN	NaN
NaN	NaN	NaN	NaN
NaN	NaN	NaN	NaN
NaN	NaN	NaN	NaN
NaN	NaN	NaN	NaN
NaN	NaN	NaN	NaN
NaN	NaN	NaN	NaN
NaN	NaN	NaN	NaN
NaN	NaN	NaN	NaN
NaN	NaN	NaN	NaN
NaN	NaN	NaN	NaN
NaN	NaN	NaN	NaN
NaN	NaN	NaN	NaN
NaN	NaN	NaN	NaN
NaN	NaN	NaN	NaN
NaN	NaN	NaN	NaN
NaN	NaN	NaN	NaN
NaN	NaN	NaN	NaN
NaN	NaN	NaN	NaN
NaN	NaN	NaN	NaN
NaN	NaN	NaN	NaN
NaN	NaN	NaN	NaN
NaN	NaN	NaN	NaN
NaN	NaN	NaN	NaN
NaN	NaN	NaN	NaN
NaN	NaN	NaN	NaN
NaN	NaN	NaN	NaN
NaN	NaN	NaN	NaN
NaN	NaN	NaN	NaN
NaN	NaN	NaN	NaN
NaN	NaN	NaN	NaN
NaN	NaN	NaN	NaN
NaN	NaN	NaN	NaN
NaN	NaN	NaN	NaN
NaN	NaN	NaN	NaN
NaN	NaN	NaN	NaN
NaN	NaN	NaN	NaN
NaN	NaN	NaN	NaN
NaN	NaN	NaN	NaN
NaN	NaN	NaN	NaN
NaN	NaN	NaN	NaN
NaN	NaN	NaN	NaN
NaN	NaN	NaN	NaN
NaN	NaN	NaN	NaN
NaN	NaN	NaN	NaN
NaN	NaN	NaN	NaN
NaN	NaN	NaN	NaN
NaN	NaN	NaN	NaN
NaN	NaN	NaN	NaN
NaN	NaN	NaN	NaN
NaN	NaN	NaN	NaN
NaN	NaN	NaN	NaN
NaN	NaN	NaN	NaN
NaN	NaN	NaN	NaN
NaN	NaN	NaN	NaN
NaN	NaN	NaN	NaN
NaN	NaN	NaN	NaN
NaN	NaN	NaN	NaN
NaN	NaN	NaN	NaN
NaN	NaN	NaN	NaN
NaN	NaN	NaN	NaN
NaN	NaN	NaN	NaN
NaN	NaN	NaN	NaN
NaN	NaN	NaN	NaN
NaN	NaN	NaN	NaN
NaN	NaN	NaN	NaN
NaN	NaN	NaN	NaN
NaN	NaN	NaN	NaN
NaN	NaN	NaN	NaN
NaN	NaN	NaN	NaN
NaN	NaN	NaN	NaN
NaN	NaN	NaN	NaN
NaN	NaN	NaN	NaN
NaN	NaN	NaN	NaN
NaN	NaN	NaN	NaN
NaN	NaN	NaN	NaN
NaN	NaN	NaN	NaN
NaN	NaN	NaN	NaN
NaN	NaN	NaN	NaN
NaN	NaN	NaN	NaN
NaN	NaN	NaN	NaN
NaN	NaN	NaN	NaN
NaN	NaN	NaN	NaN
NaN	NaN	NaN	NaN
NaN	NaN	NaN	NaN
NaN	NaN	NaN	NaN
NaN	NaN	NaN	NaN
NaN	NaN	NaN	NaN
NaN	NaN	NaN	NaN
NaN	NaN	NaN	NaN
NaN	NaN	NaN	NaN
NaN	NaN	NaN	NaN
NaN	NaN	NaN	NaN
NaN	NaN	NaN	NaN
NaN	NaN	NaN	NaN
NaN	NaN	NaN	NaN
NaN	NaN	NaN	NaN
NaN	NaN	NaN	NaN
NaN	NaN	NaN	NaN
NaN	NaN	NaN	NaN
NaN	NaN	NaN	NaN
NaN	NaN	NaN	NaN
NaN	NaN	NaN	NaN
NaN	NaN	NaN	NaN
NaN	NaN	NaN	NaN
NaN	NaN	NaN	NaN
NaN	NaN	NaN	NaN
NaN	NaN	NaN	NaN
NaN	NaN	NaN	NaN
NaN	NaN	NaN	NaN
NaN	NaN	NaN	NaN
NaN	NaN	NaN	NaN
NaN	NaN	NaN	NaN
NaN	NaN	NaN	NaN
NaN	NaN	NaN	NaN
NaN	NaN	NaN	NaN
NaN	NaN	NaN	NaN
NaN	NaN	NaN	NaN
NaN	NaN	NaN	NaN
NaN	NaN	NaN	NaN
NaN	NaN	NaN	NaN
NaN	NaN	NaN	NaN
NaN	NaN	NaN	NaN
NaN	NaN	NaN	NaN
NaN	NaN	NaN	NaN
NaN	NaN	NaN	NaN
NaN	NaN	NaN	NaN
NaN	NaN	NaN	NaN
NaN	NaN	NaN	NaN
NaN	NaN	NaN	NaN
NaN	NaN	NaN	NaN
NaN	NaN	NaN	NaN
NaN	NaN	NaN	NaN
NaN	NaN	NaN	NaN
NaN	NaN	NaN	NaN
NaN	NaN	NaN	NaN
NaN	NaN	NaN	NaN
NaN	NaN	NaN	NaN
NaN	NaN	NaN	NaN
NaN	NaN	NaN	NaN
NaN	NaN	NaN	NaN
NaN	NaN	NaN	NaN
NaN	NaN	NaN	NaN
NaN	NaN	NaN	NaN
NaN	NaN	NaN	NaN
NaN	NaN	NaN	NaN
NaN	NaN	NaN	NaN
NaN	NaN	NaN	NaN
NaN	NaN	NaN	NaN
NaN	NaN	NaN	NaN
NaN	NaN	NaN	NaN
NaN	NaN	NaN	NaN
NaN	NaN	NaN	NaN
NaN	NaN	NaN	NaN
NaN	NaN	NaN	NaN
NaN	NaN	NaN	NaN
NaN	NaN	NaN	NaN
NaN	NaN	NaN	NaN
NaN	NaN	NaN	NaN
NaN	NaN	NaN	NaN
NaN	NaN	NaN	NaN
NaN	NaN	NaN	NaN
NaN	NaN	NaN	NaN
NaN	NaN	NaN	NaN
NaN	NaN	NaN	NaN
NaN	NaN	NaN	NaN
NaN	NaN	NaN	NaN
NaN	NaN	NaN	NaN
NaN	NaN	NaN	NaN
NaN	NaN	NaN	NaN
NaN	NaN	NaN	NaN
NaN	NaN	NaN	NaN
NaN	NaN	NaN	NaN
NaN	NaN	NaN	NaN
NaN	NaN	NaN	NaN
NaN	NaN	NaN	NaN
NaN	NaN	NaN	NaN
NaN	NaN	NaN	NaN
NaN	NaN	NaN	NaN
NaN	NaN	NaN	NaN
NaN	NaN	NaN	NaN
NaN	NaN	NaN	NaN
NaN	NaN	NaN	NaN
NaN	NaN	NaN	NaN
NaN	NaN	NaN	NaN
NaN	NaN	NaN	NaN
NaN	NaN	NaN	NaN
NaN	NaN	NaN	NaN
NaN	NaN	NaN	NaN
NaN	NaN	NaN	NaN
NaN	NaN	NaN	NaN
NaN	NaN	NaN	NaN
NaN	NaN	NaN	NaN
NaN	NaN	NaN	NaN
NaN	NaN	NaN	NaN
NaN	NaN	NaN	NaN
NaN	NaN	NaN	NaN
NaN	NaN	NaN	NaN
NaN	NaN	NaN	NaN
NaN	NaN	NaN	NaN
NaN	NaN	NaN	NaN
NaN	NaN	NaN	NaN
NaN	NaN	NaN	NaN
NaN	NaN	NaN	NaN
NaN	NaN	NaN	NaN
NaN	NaN	NaN	NaN
NaN	NaN	NaN	NaN
NaN	NaN	NaN	NaN
NaN	NaN	NaN	NaN
NaN	NaN	NaN	NaN
NaN	NaN	NaN	NaN
NaN	NaN	NaN	NaN
NaN	NaN	NaN	NaN
NaN	NaN	NaN	NaN
NaN	NaN	NaN	NaN
NaN	NaN	NaN	NaN
NaN	NaN	NaN	NaN
NaN	NaN	NaN	NaN
NaN	NaN	NaN	NaN
NaN	NaN	NaN	NaN
NaN	NaN	NaN	NaN
NaN	NaN	NaN	NaN
NaN	NaN	NaN	NaN
NaN	NaN	NaN	NaN
NaN	NaN	NaN	NaN
NaN	NaN	NaN	NaN
NaN	NaN	NaN	NaN
NaN	NaN	NaN	NaN
NaN	NaN	NaN	NaN
NaN	NaN	NaN	NaN
NaN	NaN	NaN	NaN
NaN	NaN	NaN	NaN
NaN	NaN	NaN	NaN
NaN	NaN	NaN	NaN
NaN	NaN	NaN	NaN
NaN	NaN	NaN	NaN
NaN	NaN	NaN	NaN
NaN	NaN	NaN	NaN
NaN	NaN	NaN	NaN
NaN	NaN	NaN	NaN
NaN	NaN	NaN	NaN
NaN	NaN	NaN	NaN
NaN	NaN	NaN	NaN
NaN	NaN	NaN	NaN
NaN	NaN	NaN	NaN
NaN	NaN	NaN	NaN
NaN	NaN	NaN	NaN
NaN	NaN	NaN	NaN
NaN	NaN	NaN	NaN
NaN	NaN	NaN	NaN
NaN	NaN	NaN	NaN
NaN	NaN	NaN	NaN
NaN	NaN	NaN	NaN
NaN	NaN	NaN	NaN
NaN	NaN	NaN	NaN
NaN	NaN	NaN	NaN
NaN	NaN	NaN	NaN
NaN	NaN	NaN	NaN
NaN	NaN	NaN	NaN
NaN	NaN	NaN	NaN
NaN	NaN	NaN	NaN
NaN	NaN	NaN	NaN
NaN	NaN	NaN	NaN
NaN	NaN	NaN	NaN
NaN	NaN	NaN	NaN
NaN	NaN	NaN	NaN
NaN	NaN	NaN	NaN
NaN	NaN	NaN	NaN
NaN	NaN	NaN	NaN
NaN	NaN	NaN	NaN
NaN	NaN	NaN	NaN
NaN	NaN	NaN	NaN
NaN	NaN	NaN	NaN
NaN	NaN	NaN	NaN
NaN	NaN	NaN	NaN
NaN	NaN	NaN	NaN
NaN	NaN	NaN	NaN
NaN	NaN	NaN	NaN
NaN	NaN	NaN	NaN
NaN	NaN	NaN	NaN
NaN	NaN	NaN	NaN
NaN	NaN	NaN	NaN
NaN	NaN	NaN	NaN
NaN	NaN	NaN	NaN
NaN	NaN	NaN	NaN
NaN	NaN	NaN	NaN
NaN	NaN	NaN	NaN
NaN	NaN	NaN	NaN
NaN	NaN	NaN	NaN
NaN	NaN	NaN	NaN
NaN	NaN	NaN	NaN
NaN	NaN	NaN	NaN
NaN	NaN	NaN	NaN
NaN	NaN	NaN	NaN
NaN	NaN	NaN	NaN
NaN	NaN	NaN	NaN
NaN	NaN	NaN	NaN
NaN	NaN	NaN	NaN
NaN	NaN	NaN	NaN
NaN	NaN	NaN	NaN
NaN	NaN	NaN	NaN
NaN	NaN	NaN	NaN
NaN	NaN	NaN	NaN
NaN	NaN	NaN	NaN
NaN	NaN	NaN	NaN
NaN	NaN	NaN	NaN
NaN	NaN	NaN	NaN
NaN	NaN	NaN	NaN
NaN	NaN	NaN	NaN
NaN	NaN	NaN	NaN
NaN	NaN	NaN	NaN
NaN	NaN	NaN	NaN
NaN	NaN	NaN	NaN
NaN	NaN	NaN	NaN
NaN	NaN	NaN	NaN
NaN	NaN	NaN	NaN
NaN	NaN	NaN	NaN
NaN	NaN	NaN	NaN
NaN	NaN	NaN	NaN
NaN	NaN	NaN	NaN
NaN	NaN	NaN	NaN
NaN	NaN	NaN	NaN
NaN	NaN	NaN	NaN
NaN	NaN	NaN	NaN
NaN	NaN	NaN	NaN
NaN	NaN	NaN	NaN
NaN	NaN	NaN	NaN
NaN	NaN	NaN	NaN
NaN	NaN	NaN	NaN
NaN	NaN	NaN	NaN
NaN	NaN	NaN	NaN
NaN	NaN	NaN	NaN
NaN	NaN	NaN	NaN
NaN	NaN	NaN	NaN
NaN	NaN	NaN	NaN
NaN	NaN	NaN	NaN
NaN	NaN	NaN	NaN
NaN	NaN	NaN	NaN
NaN	NaN	NaN	NaN
NaN	NaN	NaN	NaN
NaN	NaN	NaN	NaN
NaN	NaN	NaN	NaN
NaN	NaN	NaN	NaN
NaN	NaN	NaN	NaN
NaN	NaN	NaN	NaN
NaN	NaN	NaN	NaN
NaN	NaN	NaN	NaN
NaN	NaN	NaN	NaN
NaN	NaN	NaN	NaN
NaN	NaN	NaN	NaN
NaN	NaN	NaN	NaN
NaN	NaN	NaN	NaN
NaN	NaN	NaN	NaN
NaN	NaN	NaN	NaN
NaN	NaN	NaN	NaN
NaN	NaN	NaN	NaN
NaN	NaN	NaN	NaN
NaN	NaN	NaN	NaN
NaN	NaN	NaN	NaN
NaN	NaN	NaN	NaN
NaN	NaN	NaN	NaN
NaN	NaN	NaN	NaN
NaN	NaN	NaN	NaN
NaN	NaN	NaN	NaN
NaN	NaN	NaN	NaN
NaN	NaN	NaN	NaN
NaN	NaN	NaN	NaN
NaN	NaN	NaN	NaN
NaN	NaN	NaN	NaN
NaN	NaN	NaN	NaN
NaN	NaN	NaN	NaN
NaN	NaN	NaN	NaN
NaN	NaN	NaN	NaN
NaN	NaN	NaN	NaN
NaN	NaN	NaN	NaN
NaN	NaN	NaN	NaN
NaN	NaN	NaN	NaN
NaN	NaN	NaN	NaN
NaN	NaN	NaN	NaN
NaN	NaN	NaN	NaN
NaN	NaN	NaN	NaN
NaN	NaN	NaN	NaN
NaN	NaN	NaN	NaN
NaN	NaN	NaN	NaN
NaN	NaN	NaN	NaN
NaN	NaN	NaN	NaN
NaN	NaN	NaN	NaN
NaN	NaN	NaN	NaN
NaN	NaN	NaN	NaN
NaN	NaN	NaN	NaN
NaN	NaN	NaN	NaN
NaN	NaN	NaN	NaN
NaN	NaN	NaN	NaN
NaN	NaN	NaN	NaN
NaN	NaN	NaN	NaN
NaN	NaN	NaN	NaN
NaN	NaN	NaN	NaN
NaN	NaN	NaN	NaN
NaN	NaN	NaN	NaN
NaN	NaN	NaN	NaN
NaN	NaN	NaN	NaN
NaN	NaN	NaN	NaN
NaN	NaN	NaN	NaN
NaN	NaN	NaN	NaN
NaN	NaN	NaN	NaN
NaN	NaN	NaN	NaN
NaN	NaN	NaN	NaN
NaN	NaN	NaN	NaN
NaN	NaN	NaN	NaN
NaN	NaN	NaN	NaN
NaN	NaN	NaN	NaN
NaN	NaN	NaN	NaN
NaN	NaN	NaN	NaN
NaN	NaN	NaN	NaN
NaN	NaN	NaN	NaN
NaN	NaN	NaN	NaN
NaN	NaN	NaN	NaN
NaN	NaN	NaN	NaN
NaN	NaN	NaN	NaN
NaN	NaN	NaN	NaN
NaN	NaN	NaN	NaN
NaN	NaN	NaN	NaN
NaN	NaN	NaN	NaN
NaN	NaN	NaN	NaN
NaN	NaN	NaN	NaN
NaN	NaN	NaN	NaN
NaN	NaN	NaN	NaN
NaN	NaN	NaN	NaN
NaN	NaN	NaN	NaN
NaN	NaN	NaN	NaN
NaN	NaN	NaN	NaN
NaN	NaN	NaN	NaN
NaN	NaN	NaN	NaN
NaN	NaN	NaN	NaN
NaN	NaN	NaN	NaN
NaN	NaN	NaN	NaN
NaN	NaN	NaN	NaN
NaN	NaN	NaN	NaN
NaN	NaN	NaN	NaN
NaN	NaN	NaN	NaN
NaN	NaN	NaN	NaN
NaN	NaN	NaN	NaN
NaN	NaN	NaN	NaN
NaN	NaN	NaN	NaN
NaN	NaN	NaN	NaN
NaN	NaN	NaN	NaN
NaN	NaN	NaN	NaN
NaN	NaN	NaN	NaN
NaN	NaN	NaN	NaN
NaN	NaN	NaN	NaN
NaN	NaN	NaN	NaN
NaN	NaN	NaN	NaN
NaN	NaN	NaN	NaN
NaN	NaN	NaN	NaN
NaN	NaN	NaN	NaN
NaN	NaN	NaN	NaN
NaN	NaN	NaN	NaN
NaN	NaN	NaN	NaN
NaN	NaN	NaN	NaN
NaN	NaN	NaN	NaN
NaN	NaN	NaN	NaN
NaN	NaN	NaN	NaN
NaN	NaN	NaN	NaN
NaN	NaN	NaN	NaN
NaN	NaN	NaN	NaN
NaN	NaN	NaN	NaN
NaN	NaN	NaN	NaN
NaN	NaN	NaN	NaN
NaN	NaN	NaN	NaN
NaN	NaN	NaN	NaN
NaN	NaN	NaN	NaN
NaN	NaN	NaN	NaN
NaN	NaN	NaN	NaN
NaN	NaN	NaN	NaN
NaN	NaN	NaN	NaN
NaN	NaN	NaN	NaN
NaN	NaN	NaN	NaN
NaN	NaN	NaN	NaN
NaN	NaN	NaN	NaN
NaN	NaN	NaN	NaN
NaN	NaN	NaN	NaN
NaN	NaN	NaN	NaN
NaN	NaN	NaN	NaN
NaN	NaN	NaN	NaN
NaN	NaN	NaN	NaN
NaN	NaN	NaN	NaN
NaN	NaN	NaN	NaN
NaN	NaN	NaN	NaN
NaN	NaN	NaN	NaN
NaN	NaN	NaN	NaN
NaN	NaN	NaN	NaN
NaN	NaN	NaN	NaN
NaN	NaN	NaN	NaN
NaN	NaN	NaN	NaN
NaN	NaN	NaN	NaN
NaN	NaN	NaN	NaN
NaN	NaN	NaN	NaN
NaN	NaN	NaN	NaN
NaN	NaN	NaN	NaN
NaN	NaN	NaN	NaN
NaN	NaN	NaN	NaN
NaN	NaN	NaN	NaN
NaN	NaN	NaN	NaN
NaN	NaN	NaN	NaN
NaN	NaN	NaN	NaN
NaN	NaN	NaN	NaN
NaN	NaN	NaN	NaN
NaN	NaN	NaN	NaN
NaN	NaN	NaN	NaN
NaN	NaN	NaN	NaN
NaN	NaN	NaN	NaN
NaN	NaN	NaN	NaN
NaN	NaN	NaN	NaN
NaN	NaN	NaN	NaN
NaN	NaN	NaN	NaN
NaN	NaN	NaN	NaN
NaN	NaN	NaN	NaN
NaN	NaN	NaN	NaN
NaN	NaN	NaN	NaN
NaN	NaN	NaN	NaN
NaN	NaN	NaN	NaN
NaN	NaN	NaN	NaN
NaN	NaN	NaN	NaN
NaN	NaN	NaN	NaN
NaN	NaN	NaN	NaN
NaN	NaN	NaN	NaN
NaN	NaN	NaN	NaN
NaN	NaN	NaN	NaN
NaN	NaN	NaN	NaN
NaN	NaN	NaN	NaN
NaN	NaN	NaN	NaN
NaN	NaN	NaN	NaN
NaN	NaN	NaN	NaN
NaN	NaN	NaN	NaN
NaN	NaN	NaN	NaN
NaN	NaN	NaN	NaN
NaN	NaN	NaN	NaN
NaN	NaN	NaN	NaN
NaN	NaN	NaN	NaN
NaN	NaN	NaN	NaN
NaN	NaN	NaN	NaN
NaN	NaN	NaN	NaN
NaN	NaN	NaN	NaN
NaN	NaN	NaN	NaN
NaN	NaN	NaN	NaN
NaN	NaN	NaN	NaN
NaN	NaN	NaN	NaN
NaN	NaN	NaN	NaN
NaN	NaN	NaN	NaN
NaN	NaN	NaN	NaN
NaN	NaN	NaN	NaN
NaN	NaN	NaN	NaN
NaN	NaN	NaN	NaN
NaN	NaN	NaN	NaN
NaN	NaN	NaN	NaN
NaN	NaN	NaN	NaN
NaN	NaN	NaN	NaN
NaN	NaN	NaN	NaN
NaN	NaN	NaN	NaN
NaN	NaN	NaN	NaN
NaN	NaN	NaN	NaN
NaN	NaN	NaN	NaN
NaN	NaN	NaN	NaN
NaN	NaN	NaN	NaN
NaN	NaN	NaN	NaN
NaN	NaN	NaN	NaN
NaN	NaN	NaN	NaN
NaN	NaN	NaN	NaN
NaN	NaN	NaN	NaN
NaN	NaN	NaN	NaN
NaN	NaN	NaN	NaN
NaN	NaN	NaN	NaN
NaN	NaN	NaN	NaN
NaN	NaN	NaN	NaN
NaN	NaN	NaN	NaN
NaN	NaN	NaN	NaN
NaN	NaN	NaN	NaN
NaN	NaN	NaN	NaN
NaN	NaN	NaN	NaN
NaN	NaN	NaN	NaN
NaN	NaN	NaN	NaN
NaN	NaN	NaN	NaN
NaN	NaN	NaN	NaN
NaN	NaN	NaN	NaN
NaN	NaN	NaN	NaN
NaN	NaN	NaN	NaN
NaN	NaN	NaN	NaN
NaN	NaN	NaN	NaN
NaN	NaN	NaN	NaN
NaN	NaN	NaN	NaN
NaN	NaN	NaN	NaN
NaN	NaN	NaN	NaN
NaN	NaN	NaN	NaN
NaN	NaN	NaN	NaN
NaN	NaN	NaN	NaN
NaN	NaN	NaN	NaN
NaN	NaN	NaN	NaN
NaN	NaN	NaN	NaN
NaN	NaN	NaN	NaN
NaN	NaN	NaN	NaN
NaN	NaN	NaN	NaN
NaN	NaN	NaN	NaN
NaN	NaN	NaN	NaN
NaN	NaN	NaN	NaN
NaN	NaN	NaN	NaN
NaN	NaN	NaN	NaN
NaN	NaN	NaN	NaN
NaN	NaN	NaN	NaN
NaN	NaN	NaN	NaN
NaN	NaN	NaN	NaN
NaN	NaN	NaN	NaN
NaN	NaN	NaN	NaN
NaN	NaN	NaN	NaN